#         t          x          y          z         vx         vy         vz
      0.000   -476.220    491.430   -412.410     44.330    101.430    141.030
      0.014   -475.600    492.890   -410.390     45.780    102.180    142.560
      0.029   -474.970    494.360   -408.360     46.380    103.950    143.620
      0.043   -474.330    495.870   -406.290     47.980    105.510    145.380
      0.057   -473.650    497.400   -404.180     47.380    106.340    146.770
      0.071   -472.970    498.940   -402.060     48.330    107.240    147.460
      0.086   -472.270    500.490   -399.940     49.570    108.320    147.900
      0.100   -471.570    502.040   -397.820     51.160    108.400    148.710
      0.114   -470.850    503.590   -395.690     52.970    109.170    149.800
      0.129   -470.080    505.160   -393.530     56.110    109.760    151.210
      0.143   -469.270    506.740   -391.380     58.210    111.460    151.020
      0.157   -468.500    508.380   -389.280     59.250    113.290    152.410
      0.171   -467.680    510.030   -387.090     61.200    114.560    153.850
      0.186   -466.820    511.700   -384.850     62.510    115.470    155.860
      0.200   -465.930    513.370   -382.580     62.890    116.690    156.800
      0.214   -465.060    515.040   -380.300     62.800    116.800    160.000
      0.229   -464.160    516.700   -377.950     65.000    117.140    162.820
      0.243   -463.050    518.310   -375.630     66.420    118.590    164.350
      0.257   -462.090    520.000   -373.270     68.560    119.030    166.160
      0.271   -461.100    521.710   -370.890     70.280    121.860    168.110
      0.286   -460.090    523.460   -368.470     71.910    124.320    171.710
      0.300   -459.030    525.260   -365.970     74.530    126.310    175.150
      0.314   -457.940    527.070   -363.440     76.720    126.660    176.350
      0.329   -456.830    528.890   -360.910     78.070    127.350    177.900
      0.343   -455.700    530.730   -358.350     79.490    129.080    181.090
      0.357   -454.530    532.590   -355.730     82.010    129.660    183.770
      0.371   -453.330    534.450   -353.090     84.520    130.560    184.940
      0.386   -452.090    536.320   -350.450     87.860    131.490    187.130
      0.400   -450.790    538.190   -347.770     90.660    131.370    189.010
      0.414   -449.450    540.060   -345.070     93.450    132.600    190.920
      0.429   -448.090    541.950   -342.360     95.280    133.970    191.990
      0.443   -446.690    543.850   -339.640     98.380    133.700    192.760
      0.457   -445.260    545.750   -336.910    100.700    134.000    194.540
      0.471   -443.820    547.650   -334.140    102.600    134.270    197.320
      0.486   -442.360    549.550   -331.340    105.120    133.800    199.670
      0.500   -440.880    551.440   -328.500    107.580    134.070    202.110
      0.514   -439.350    553.370   -325.610    111.420    135.530    204.170
      0.529   -437.760    555.280   -322.840    116.910    135.640    206.120
      0.543   -436.060    557.210   -319.900    122.100    135.840    207.440
      0.557   -434.290    559.160   -316.950    126.400    137.000    209.690
      0.571   -432.480    561.130   -313.970    131.180    137.540    211.630
      0.586   -430.590    563.090   -310.930    136.010    136.520    213.790
      0.600   -428.630    565.050   -307.860    140.390    136.440    215.820
      0.614   -426.590    567.010   -304.730    144.630    136.590    218.470
      0.629   -424.510    568.950   -301.570    147.590    134.780    221.120
      0.643   -422.380    570.870   -298.350    152.450    135.330    223.400
      0.657   -420.170    572.820   -295.100    157.150    134.890    226.270
      0.671   -417.870    574.760   -291.790    161.970    133.620    229.150
      0.686   -415.480    576.660   -288.450    167.270    131.540    231.770
      0.700   -413.010    578.530   -285.060    172.350    129.650    233.760
      0.714   -410.490    580.360   -281.690    178.150    126.990    236.250
      0.729   -407.880    582.140   -278.300    183.830    123.880    237.120
      0.743   -405.210    583.880   -274.900    188.280    120.560    238.290
      0.757   -402.470    585.590   -271.470    193.820    118.780    239.600
      0.771   -399.650    587.260   -268.050    199.460    115.850    240.170
      0.786   -396.750    588.900   -264.600    205.110    113.230    242.350
      0.800   -393.770    590.490   -261.130    211.640    109.860    243.690
      0.814   -390.680    592.030   -257.650    217.820    105.820    244.840
      0.829   -387.520    593.520   -254.150    224.360    101.590    246.520
      0.843   -384.260    594.940   -250.620    230.830     97.060    246.790
      0.857   -380.900    596.300   -247.090    238.090     92.500    247.380
      0.871   -377.440    597.580   -243.550    244.480     86.820    247.810
      0.886   -373.880    598.790   -240.000    250.490     80.950    248.030
      0.900   -370.250    599.900   -236.460    254.650     74.460    248.200
      0.914   -366.550    600.900   -232.910    260.110     67.530    247.520
      0.929   -362.790    601.810   -229.390    264.110     60.900    246.470
      0.943   -358.980    602.630   -225.880    267.970     54.480    245.160
      0.957   -355.120    603.360   -222.390    271.820     49.040    243.370
      0.971   -351.200    604.020   -218.930    275.120     43.800    241.060
      0.986   -347.260    604.610   -215.500    277.480     37.550    238.740
      1.000   -343.280    605.110   -212.100    279.350     31.880    236.910
      1.014   -339.280    605.530   -208.730    281.660     26.160    235.260
      1.029   -335.260    605.860   -205.380    282.510     19.490    232.910
      1.043   -331.240    606.090   -202.090    283.930     13.380    229.150
      1.057   -327.200    606.240   -198.850    284.560      7.320    224.820
      1.071   -323.130    606.310   -195.670    286.970      2.470    220.970
      1.086   -319.040    606.310   -192.540    287.410     -4.050    217.710
      1.100   -314.950    606.210   -189.460    287.170     -9.160    214.450
      1.114   -310.860    606.050   -186.420    287.480    -13.970    211.280
      1.129   -306.760    605.820   -183.420    287.320    -19.110    207.280
      1.143   -302.670    605.500   -180.480    286.990    -25.200    203.770
      1.157   -298.570    605.110   -177.580    286.350    -29.950    200.810
      1.171   -294.480    604.660   -174.720    285.950    -34.680    198.220
      1.186   -290.390    604.110   -171.900    285.600    -41.000    194.120
      1.200   -286.320    603.490   -169.170    283.430    -45.670    189.160
      1.214   -282.280    602.780   -166.480    281.610    -52.620    186.950
      1.229   -278.280    602.000   -163.830    279.650    -57.330    185.000
      1.243   -274.290    601.150   -161.200    278.770    -60.890    181.740
      1.257   -270.340    600.250   -158.640    276.580    -63.910    178.180
      1.271   -266.410    599.330   -156.090    274.470    -66.270    177.650
      1.286   -262.520    598.360   -153.560    271.730    -68.810    175.280
      1.300   -258.640    597.350   -151.070    271.240    -72.850    172.650
      1.314   -254.780    596.290   -148.610    269.100    -75.970    171.050
      1.329   -250.960    595.200   -146.180    266.790    -77.720    168.540
      1.343   -247.150    594.080   -143.790    265.010    -79.500    165.290
      1.357   -243.380    592.930   -141.450    263.270    -81.610    163.980
      1.371   -239.620    591.740   -139.120    262.460    -84.850    161.220
      1.386   -235.880    590.510   -136.840    260.860    -87.660    158.540
      1.400   -232.170    589.240   -134.580    258.220    -91.150    157.060
      1.414   -228.480    587.910   -132.360    256.800    -94.140    153.410
      1.429   -224.830    586.550   -130.190    254.320    -96.320    150.210
      1.443   -221.210    585.160   -128.070    252.340    -98.720    146.910
      1.457   -217.620    583.720   -125.990    249.170   -101.800    145.140
      1.471   -214.070    582.260   -123.930    247.840   -103.010    143.380
      1.486   -210.540    580.770   -121.900    246.640   -105.690    141.440
      1.500   -207.030    579.250   -119.890    244.860   -106.820    139.750
      1.514   -203.550    577.710   -117.910    242.370   -108.680    136.790
      1.529   -200.110    576.150   -115.980    239.740   -111.010    134.350
      1.543   -196.690    574.540   -114.070    239.150   -113.570    132.460
      1.557   -193.280    572.920   -112.200    237.690   -113.370    130.330
      1.571   -189.900    571.290   -110.350    236.250   -115.550    129.250
      1.586   -186.530    569.630   -108.510    234.820   -116.870    127.530
      1.600   -183.180    567.950   -106.700    233.510   -117.740    125.800
      1.614   -179.860    566.260   -104.910    231.060   -119.200    124.540
      1.629   -176.580    564.550   -103.150    228.560   -120.290    122.870
      1.643   -173.320    562.820   -101.400    227.280   -122.100    120.910
      1.657   -170.090    561.070    -99.690    225.160   -123.110    118.770
      1.671   -166.890    559.300    -98.000    223.750   -124.590    117.110
      1.686   -163.700    557.500    -96.350    221.900   -126.810    115.060
      1.700   -160.550    555.670    -94.710    219.590   -129.410    113.620
      1.714   -157.430    553.810    -93.100    217.270   -130.720    112.250
      1.729   -154.350    551.930    -91.510    214.590   -131.390    110.900
      1.743   -151.290    550.040    -89.930    212.950   -133.230    109.580
      1.757   -148.260    548.130    -88.380    210.920   -135.150    107.830
      1.771   -145.260    546.200    -86.840    209.810   -134.440    106.270
      1.786   -142.270    544.270    -85.340    207.790   -135.680    104.550
      1.800   -139.320    542.330    -83.860    206.230   -136.200    102.780
      1.814   -136.380    540.370    -82.400    205.210   -137.930    101.780
      1.829   -133.470    538.390    -80.960    202.670   -138.960    100.560
      1.843   -130.580    536.400    -79.530    200.920   -140.010     99.360
      1.857   -127.720    534.390    -78.120    199.850   -141.680     97.850
      1.871   -124.880    532.360    -76.740    198.340   -142.390     95.620
      1.886   -122.050    530.320    -75.390    197.440   -143.250     93.930
      1.900   -119.240    528.260    -74.050    195.300   -145.170     93.510
      1.914   -116.460    526.180    -72.720    194.070   -146.530     92.110
      1.929   -113.700    524.080    -71.420    192.450   -147.210     90.750
      1.943   -110.960    521.970    -70.130    190.900   -148.380     89.420
      1.957   -108.250    519.830    -68.860    187.900   -150.530     87.950
      1.971   -105.580    517.670    -67.620    186.510   -152.820     86.380
      1.986   -102.930    515.480    -66.400    184.730   -153.760     84.670
      2.000   -100.300    513.270    -65.190    182.960   -154.660     84.270
      2.014    -97.700    511.060    -63.990    180.810   -155.840     84.150
      2.029    -95.140    508.820    -62.790    177.790   -157.040     82.810
      2.043    -92.610    506.580    -61.630    175.920   -157.410     80.450
      2.057    -90.120    504.320    -60.480    173.520   -157.990     79.930
      2.071    -87.650    502.070    -59.340    171.840   -157.450     79.890
      2.086    -85.210    499.810    -58.210    170.320   -158.290     78.320
      2.100    -82.780    497.550    -57.110    168.450   -158.360     76.340
      2.114    -80.390    495.300    -56.020    167.720   -157.860     75.710
      2.129    -77.990    493.030    -54.950    167.670   -158.920     74.510
      2.143    -75.600    490.770    -53.900    166.780   -158.170     72.760
      2.157    -73.220    488.510    -52.870    165.770   -158.410     71.370
      2.171    -70.870    486.240    -51.860    163.910   -159.680     69.770
      2.186    -68.540    483.950    -50.870    161.250   -160.500     68.890
      2.200    -66.260    481.650    -49.890    158.840   -161.080     68.550
      2.214    -64.000    479.340    -48.920    157.230   -162.180     67.780
      2.229    -61.760    477.010    -47.950    156.030   -163.990     67.770
      2.243    -59.540    474.660    -46.980    155.100   -164.710     67.400
      2.257    -57.330    472.300    -46.030    153.990   -164.860     65.990
      2.271    -55.140    469.950    -45.090    152.580   -164.770     65.140
      2.286    -52.970    467.590    -44.170    151.060   -165.260     64.090
      2.300    -50.820    465.230    -43.260    150.370   -165.920     63.000
      2.314    -48.680    462.850    -42.380    149.340   -167.550     60.320
      2.329    -46.560    460.450    -41.530    147.790   -168.360     58.530
      2.343    -44.460    458.040    -40.690    145.890   -168.830     58.500
      2.357    -42.380    455.620    -39.860    145.000   -169.920     58.600
      2.371    -40.320    453.180    -39.020    143.210   -171.490     58.210
      2.386    -38.290    450.730    -38.200    140.610   -171.930     57.410
      2.400    -36.300    448.280    -37.370    138.920   -171.510     57.960
      2.414    -34.330    445.830    -36.550    137.390   -170.930     57.640
      2.429    -32.380    443.400    -35.730    135.410   -170.250     56.810
      2.443    -30.460    440.960    -34.920    132.850   -170.620     55.530
      2.457    -28.580    438.520    -34.130    131.380   -171.550     55.570
      2.471    -26.720    436.060    -33.340    129.170   -172.360     54.900
      2.486    -24.880    433.600    -32.560    127.690   -173.120     54.010
      2.500    -23.070    431.100    -31.800    125.720   -175.680     52.590
      2.514    -21.290    428.580    -31.060    123.670   -176.940     50.590
      2.529    -19.540    426.060    -30.340    121.960   -176.910     50.480
      2.543    -17.810    423.530    -29.620    120.750   -176.610     50.230
      2.557    -16.090    421.000    -28.910    119.150   -178.400     48.560
      2.571    -14.400    418.440    -28.230    116.880   -179.430     47.260
      2.586    -12.740    415.870    -27.560    115.950   -179.900     46.650
      2.600    -11.090    413.290    -26.900    114.770   -181.090     45.970
      2.614     -9.460    410.700    -26.240    113.680   -182.170     45.560
      2.629     -7.850    408.090    -25.600    112.000   -183.890     44.360
      2.643     -6.260    405.450    -24.970    110.560   -184.920     43.870
      2.657     -4.690    402.800    -24.350    109.000   -186.930     42.980
      2.671     -3.150    400.120    -23.740    107.200   -187.440     41.710
      2.686     -1.620    397.440    -23.150    106.250   -187.650     40.860
      2.700     -0.110    394.760    -22.580    105.480   -187.670     39.420
      2.714      1.380    392.090    -22.030    103.700   -187.180     37.440
      2.729      2.860    389.420    -21.500    102.330   -186.680     35.950
      2.743      4.300    386.750    -20.990    100.870   -187.280     35.680
      2.757      5.740    384.060    -20.480    100.030   -188.270     35.010
      2.771      7.160    381.370    -19.990     98.470   -188.780     33.900
      2.786      8.550    378.660    -19.510     97.290   -190.050     33.750
      2.800      9.930    375.940    -19.030     95.250   -191.540     33.450
      2.814     11.280    373.190    -18.560     93.410   -192.590     32.950
      2.829     12.600    370.430    -18.090     91.370   -194.560     32.900
      2.843     13.890    367.640    -17.620     89.740   -196.030     31.830
      2.857     15.160    364.840    -17.180     87.610   -195.910     30.130
      2.871     16.400    362.030    -16.750     85.350   -197.160     29.650
      2.886     17.600    359.210    -16.340     82.470   -198.270     27.900
      2.900     18.760    356.370    -15.950     79.950   -198.810     27.980
      2.914     19.890    353.530    -15.550     79.340   -199.040     26.950
      2.929     21.010    350.680    -15.170     77.820   -199.740     26.160
      2.943     22.110    347.820    -14.810     75.770   -200.370     24.470
      2.957     23.180    344.950    -14.470     74.720   -201.400     23.690
      2.971     24.240    342.070    -14.140     73.040   -202.260     22.990
      2.986     25.260    339.180    -13.820     70.150   -202.720     22.360
      3.000     26.250    336.280    -13.500     67.880   -203.230     22.050
      3.014     27.200    333.370    -13.180     65.570   -204.180     22.640
      3.029     28.120    330.440    -12.870     63.540   -205.800     21.470
      3.043     29.020    327.490    -12.560     62.400   -206.210     21.140
      3.057     29.910    324.540    -12.260     60.960   -207.460     20.470
      3.071     30.760    321.570    -11.980     58.450   -208.550     19.870
      3.086     31.570    318.580    -11.700     56.110   -209.430     19.350
      3.100     32.360    315.590    -11.430     54.830   -209.890     17.820
      3.114     33.130    312.580    -11.190     52.450   -211.460     16.730
      3.129     33.860    309.550    -10.960     50.440   -213.160     15.790
      3.143     34.570    306.500    -10.740     48.100   -214.020     14.090
      3.157     35.230    303.430    -10.550     45.720   -214.400     13.480
      3.171     35.870    300.370    -10.360     43.910   -214.210     12.300
      3.186     36.480    297.310    -10.190     40.960   -215.310     11.290
      3.200     37.030    294.220    -10.050     37.280   -216.640      9.600
      3.214     37.550    291.120     -9.910     35.350   -217.870      9.110
      3.229     38.040    287.990     -9.790     33.150   -220.090      8.020
      3.243     38.490    284.830     -9.690     29.740   -221.310      6.140
      3.257     38.880    281.670     -9.610     25.660   -221.410      5.330
      3.271     39.230    278.510     -9.540     23.240   -221.980      4.530
      3.286     39.550    275.330     -9.480     21.050   -223.520      4.240
      3.300     39.830    272.130     -9.420     18.820   -223.360      3.610
      3.314     40.070    268.940     -9.370     14.910   -223.810      2.730
      3.329     40.260    265.730     -9.340     11.980   -225.340      1.860
      3.343     40.410    262.500     -9.320      8.880   -227.210      0.640
      3.357     40.510    259.250     -9.320      5.440   -227.450     -0.220
      3.371     40.560    255.990     -9.330      2.120   -228.880     -0.930
      3.386     40.570    252.710     -9.340     -1.860   -229.810     -1.690
      3.400     40.510    249.430     -9.380     -6.280   -229.890     -3.440
      3.414     40.390    246.130     -9.440     -9.830   -231.260     -4.770
      3.429     40.220    242.820     -9.520    -14.250   -231.770     -7.070
      3.443     40.000    239.510     -9.640    -17.180   -232.550     -8.850
      3.457     39.720    236.170     -9.780    -21.070   -234.900    -10.060
      3.471     39.400    232.810     -9.940    -24.960   -235.530    -12.170
      3.486     39.020    229.440    -10.110    -27.470   -236.650    -12.810
      3.500     38.600    226.040    -10.310    -30.990   -238.480    -14.650
      3.514     38.130    222.630    -10.530    -35.530   -239.280    -15.760
      3.529     37.590    219.200    -10.760    -39.010   -241.340    -16.390
      3.543     37.000    215.750    -11.000    -44.130   -242.190    -17.340
      3.557     36.340    212.280    -11.260    -48.980   -243.260    -18.760
      3.571     35.600    208.790    -11.540    -53.720   -244.730    -20.690
      3.586     34.800    205.280    -11.850    -58.480   -246.490    -22.450
      3.600     33.930    201.750    -12.190    -63.680   -247.010    -24.400
      3.614     32.980    198.230    -12.550    -68.640   -246.730    -26.010
      3.629     31.960    194.700    -12.940    -74.140   -246.830    -28.550
      3.643     30.860    191.180    -13.370    -79.800   -245.390    -31.250
      3.657     29.670    187.670    -13.830    -86.310   -246.390    -33.700
      3.671     28.390    184.160    -14.330    -93.510   -245.920    -35.190
      3.686     27.010    180.640    -14.840   -100.050   -245.520    -37.650
      3.700     25.540    177.150    -15.410   -105.930   -244.530    -41.590
      3.714     23.970    173.660    -16.030   -113.500   -243.560    -44.960
      3.729     22.290    170.190    -16.680   -120.750   -241.860    -46.880
      3.743     20.510    166.740    -17.370   -128.370   -240.440    -48.770
      3.757     18.630    163.330    -18.090   -135.890   -237.850    -52.070
      3.771     16.630    159.950    -18.850   -143.830   -234.980    -53.760
      3.786     14.520    156.610    -19.630   -151.850   -232.200    -56.370
      3.800     12.300    153.320    -20.460   -158.660   -228.540    -60.100
      3.814      9.980    150.080    -21.350   -166.150   -223.910    -63.350
      3.829      7.550    146.910    -22.270   -173.000   -219.940    -65.710
      3.843      5.040    143.790    -23.230   -179.410   -216.440    -68.520
      3.857      2.420    140.750    -24.220   -186.900   -210.090    -70.800
      3.871     -0.300    137.780    -25.250   -193.770   -205.380    -72.420
      3.886     -3.120    134.870    -26.290   -200.780   -201.010    -74.390
      3.900     -6.030    132.040    -27.370   -206.820   -194.980    -76.090
      3.914     -9.030    129.320    -28.470   -213.330   -186.470    -78.880
      3.929    -12.120    126.710    -29.620   -219.330   -178.800    -81.480
      3.943    -15.290    124.230    -30.800   -224.850   -168.520    -82.660
      3.957    -18.550    121.890    -31.990   -230.610   -158.820    -84.100
      3.971    -21.880    119.680    -33.190   -236.200   -149.620    -84.410
      3.986    -25.290    117.620    -34.400   -241.590   -139.520    -85.180
      4.000    -28.780    115.700    -35.620   -246.920   -129.190    -85.300
      4.014    -32.340    113.930    -36.830   -251.160   -118.930    -84.820
      4.029    -35.960    112.300    -38.040   -254.710   -108.140    -84.040
      4.043    -39.610    110.840    -39.230   -256.920    -96.320    -82.630
      4.057    -43.300    109.550    -40.400   -259.040    -83.860    -81.290
      4.071    -47.000    108.450    -41.550   -259.510    -70.710    -79.360
      4.086    -50.700    107.550    -42.680   -258.730    -56.560    -78.790
      4.100    -54.390    106.830    -43.790   -257.560    -43.110    -75.970
      4.114    -58.050    106.310    -44.850   -255.100    -29.790    -73.300
      4.129    -61.680    105.980    -45.880   -252.880    -16.190    -69.720
      4.143    -65.270    105.850    -46.850   -250.030     -2.260    -66.400
      4.157    -68.810    105.920    -47.770   -244.990     12.570    -62.190
      4.171    -72.270    106.200    -48.640   -239.150     27.210    -58.860
      4.186    -75.650    106.690    -49.450   -234.120     41.180    -55.460
      4.200    -78.930    107.380    -50.220   -226.320     55.050    -51.630
      4.214    -82.110    108.260    -50.930   -218.040     67.980    -48.120
      4.229    -85.170    109.330    -51.590   -210.200     81.750    -43.990
      4.243    -88.100    110.590    -52.190   -200.710     93.930    -40.240
      4.257    -90.900    112.010    -52.740   -190.730    104.500    -36.170
      4.271    -93.540    113.580    -53.230   -179.450    115.490    -32.030
      4.286    -96.020    115.290    -53.660   -166.270    123.700    -28.770
      4.300    -98.300    117.120    -54.050   -153.370    132.590    -24.670
      4.314   -100.400    119.060    -54.370   -141.430    138.330    -19.930
      4.329   -102.330    121.080    -54.630   -128.390    144.610    -16.280
      4.343   -104.070    123.190    -54.830   -116.060    150.670    -11.690
      4.357   -105.650    125.370    -54.980   -104.260    155.300     -9.170
      4.371   -107.040    127.630    -55.090    -91.580    160.060     -5.550
      4.386   -108.270    129.930    -55.140    -79.940    162.830     -1.850
      4.400   -109.330    132.270    -55.150    -69.650    165.270      1.320
      4.414   -110.240    134.650    -55.120    -58.000    167.610      3.700
      4.429   -110.990    137.050    -55.040    -47.200    168.950      6.950
      4.443   -111.590    139.460    -54.930    -36.220    168.760      9.050
      4.457   -112.030    141.870    -54.780    -26.120    169.690     10.770
      4.471   -112.330    144.290    -54.610    -16.620    169.090     13.160
      4.486   -112.510    146.700    -54.410     -8.680    168.480     14.530
      4.500   -112.560    149.110    -54.190      1.290    169.410     16.380
      4.514   -112.480    151.520    -53.940      8.630    168.740     18.570
      4.529   -112.290    153.930    -53.660     17.960    169.010     20.960
      4.543   -111.980    156.330    -53.350     25.900    167.820     21.700
      4.557   -111.560    158.720    -53.020     32.210    166.600     23.600
      4.571   -111.050    161.080    -52.670     39.120    165.160     25.270
      4.586   -110.430    163.430    -52.300     47.050    163.640     27.370
      4.600   -109.700    165.750    -51.890     54.100    162.350     29.250
      4.614   -108.880    168.070    -51.460     60.340    162.180     29.240
      4.629   -107.970    170.370    -51.040     66.150    161.480     29.650
      4.643   -106.980    172.670    -50.610     72.410    160.320     30.730
      4.657   -105.900    174.940    -50.160     78.370    158.130     31.840
      4.671   -104.740    177.180    -49.690     83.530    156.660     33.310
      4.686   -103.500    179.410    -49.200     90.130    155.460     34.820
      4.700   -102.170    181.610    -48.690     95.700    154.480     35.990
      4.714   -100.760    183.810    -48.150    101.450    153.180     38.680
      4.729    -99.270    185.980    -47.590    106.180    151.630     40.070
      4.743    -97.720    188.130    -46.990    111.370    149.980     42.900
      4.757    -96.090    190.260    -46.360    117.120    148.990     44.520
      4.771    -94.380    192.370    -45.710    121.490    147.520     46.910
      4.786    -92.610    194.460    -45.010    126.020    145.530     49.520
      4.800    -90.770    196.520    -44.290    131.310    143.620     51.090
      4.814    -88.870    198.550    -43.540    135.730    141.940     54.100
      4.829    -86.890    200.570    -42.750    140.320    141.310     55.760
      4.843    -84.860    202.570    -41.940    144.490    139.430     56.950
      4.857    -82.760    204.540    -41.110    148.680    137.930     59.350
      4.871    -80.610    206.490    -40.250    152.030    135.770     61.320
      4.886    -78.410    208.410    -39.350    155.860    133.700     64.070
      4.900    -76.160    210.300    -38.410    159.130    132.630     66.690
      4.914    -73.870    212.180    -37.440    162.340    131.310     69.130
      4.929    -71.530    214.040    -36.430    165.200    129.840     72.070
      4.943    -69.220    216.120    -35.410    168.710    128.520     73.890
      4.957    -66.780    217.940    -34.320    173.950    126.480     77.450
      4.971    -64.270    219.740    -33.190    177.020    125.280     79.470
      4.986    -61.720    221.520    -32.030    180.620    123.960     82.670
      5.000    -59.120    223.290    -30.830    183.650    123.710     85.460
      5.014    -56.480    225.060    -29.570    187.260    123.630     89.460
      5.029    -53.800    226.830    -28.260    190.800    122.400     93.210
      5.043    -51.060    228.580    -26.900    195.300    121.750     97.780
      5.057    -48.240    230.320    -25.460    200.140    122.240    102.170
      5.071    -45.340    232.070    -23.970    205.500    121.370    107.310
      5.086    -42.380    233.790    -22.400    209.040    119.690    112.610
      5.100    -39.370    235.470    -20.770    214.910    117.360    119.090
      5.114    -36.260    237.140    -19.010    220.250    117.190    127.910
      5.129    -33.080    238.800    -17.130    225.590    115.710    135.500
      5.143    -29.820    240.430    -15.120    231.230    113.830    144.810
      5.157    -26.500    242.030    -12.970    235.430    110.940    155.430
      5.171    -23.100    243.600    -10.650    241.960    107.450    168.200
      5.186    -19.620    245.090     -8.140    246.510    102.040    181.240
      5.200    -16.060    246.510     -5.440    251.340     95.850    196.210
      5.214    -12.430    247.810     -2.510    255.460     86.060    212.840
      5.229     -8.740    248.950      0.660    257.420     72.110    229.910
      5.243     -5.080    249.850      4.070    254.400     55.720    245.910
      5.257     -1.470    250.500      7.700    250.010     36.790    260.590
      5.271      2.040    250.860     11.500    242.790     16.370    271.120
      5.286      5.430    250.920     15.430    232.630     -5.650    277.390
      5.300      8.680    250.670     19.400    221.580    -25.460    278.840
      5.314     11.740    250.170     23.360    210.330    -43.110    276.430
      5.329     14.660    249.430     27.270    199.810    -57.380    271.420
      5.343     17.440    248.510     31.100    189.600    -69.830    266.330
      5.357     20.070    247.430     34.850    179.700    -80.490    259.740
      5.371     22.560    246.200     38.500    170.250    -90.010    252.190
      5.386     24.920    244.840     42.030    163.090    -96.780    244.750
      5.400     27.170    243.430     45.450    155.730   -102.890    237.440
      5.414     29.300    241.940     48.760    148.420   -107.210    229.020
      5.429     31.330    240.390     51.940    142.450   -112.070    220.910
      5.443     33.320    238.780     55.010    137.460   -116.150    213.920
      5.457     35.510    237.150     58.060    132.310   -119.890    206.390
      5.471     37.380    235.400     60.970    127.060   -124.080    199.440
      5.486     39.180    233.600     63.780    121.830   -127.640    191.610
      5.500     40.900    231.750     66.470    117.180   -131.550    184.860
      5.514     42.550    229.840     69.080    113.130   -134.350    179.080
      5.529     44.140    227.890     71.610    108.840   -137.050    173.290
      5.543     45.660    225.910     74.050    104.330   -139.050    167.430
      5.557     47.120    223.900     76.400    100.110   -141.590    161.510
      5.571     48.510    221.860     78.670     95.260   -142.700    156.090
      5.586     49.830    219.800     80.850     91.930   -144.130    149.530
      5.600     51.110    217.730     82.950     86.940   -145.300    143.230
      5.614     52.320    215.640     84.950     83.980   -146.980    136.990
      5.629     53.490    213.520     86.870     81.110   -148.750    131.460
      5.643     54.260    211.390     88.270     78.250   -149.840    126.630
      5.657     55.350    209.240     90.050     74.880   -151.470    123.330
      5.671     56.390    207.060     91.810     72.070   -152.740    119.240
      5.686     57.390    204.850     93.500     69.000   -155.290    114.080
      5.700     58.360    202.610     95.120     65.750   -156.990    109.680
      5.714     59.270    200.340     96.670     62.470   -157.850    104.650
      5.729     60.120    198.070     98.150     59.490   -158.870    100.100
      5.743     60.950    195.800     99.570     57.050   -160.100     95.950
      5.757     61.760    193.510    100.930     54.790   -160.720     91.510
      5.771     62.540    191.210    102.220     52.020   -161.720     85.650
      5.786     63.250    188.890    103.410     48.730   -162.280     81.670
      5.800     63.950    186.570    104.570     46.740   -163.700     76.640
      5.814     64.620    184.230    105.630     44.130   -163.490     70.990
      5.829     65.270    181.890    106.620     41.770   -164.860     66.910
      5.843     65.870    179.520    107.550     38.240   -166.090     62.260
      5.857     66.400    177.120    108.430     34.270   -167.880     57.940
      5.871     66.870    174.710    109.210     31.600   -168.100     52.820
      5.886     67.320    172.290    109.940     28.850   -168.580     48.840
      5.900     67.710    169.890    110.620     25.390   -167.510     44.640
      5.914     68.070    167.510    111.240     22.770   -167.330     40.210
      5.929     68.400    165.130    111.800     20.070   -167.340     35.790
      5.943     68.690    162.750    112.270     17.310   -167.790     30.090
      5.957     68.940    160.350    112.650     14.760   -167.420     26.060
      5.971     69.170    157.980    113.000     13.260   -167.580     22.010
      5.986     69.370    155.570    113.260      9.790   -168.990     17.510
      6.000     69.500    153.130    113.460      7.240   -168.750     11.860
      6.014     69.600    150.730    113.590      5.440   -167.480      7.980
      6.029     69.680    148.360    113.660      2.950   -165.910      2.530
      6.043     69.710    146.010    113.650      0.540   -166.180     -2.180
      6.057     69.710    143.630    113.590     -1.910   -166.330     -6.090
      6.071     69.680    141.260    113.500     -3.600   -165.850    -10.480
      6.086     69.630    138.890    113.320     -6.710   -165.040    -16.230
      6.100     69.520    136.550    113.060     -9.650   -164.130    -21.520
      6.114     69.320    134.190    112.720    -12.550   -162.620    -27.190
      6.129     69.130    131.890    112.310    -16.000   -161.720    -31.610
      6.143     68.890    129.590    111.830    -19.440   -160.990    -37.000
      6.157     68.600    127.320    111.260    -22.100   -158.900    -43.720
      6.171     68.270    125.060    110.600    -25.200   -158.830    -49.620
      6.186     67.900    122.790    109.840    -27.000   -158.350    -55.440
      6.200     67.520    120.540    109.010    -29.330   -156.940    -60.940
      6.214     67.110    118.300    108.110    -31.530   -154.680    -66.320
      6.229     67.220    116.380    107.430    -34.400   -152.920    -72.210
      6.243     66.160    113.930    106.050    -38.840   -150.140    -78.320
      6.257     65.590    111.810    104.900    -42.540   -147.420    -84.170
      6.271     64.960    109.730    103.660    -46.300   -145.120    -91.140
      6.286     64.290    107.670    102.300    -48.330   -142.510    -98.670
      6.300     63.600    105.650    100.840    -51.110   -140.400   -104.540
      6.314     62.850    103.670     99.300    -53.720   -136.270   -111.780
      6.329     62.080    101.750     97.650    -56.580   -132.340   -118.050
      6.343     61.250     99.890     95.900    -60.020   -129.250   -124.510
      6.357     60.370     98.070     94.080    -63.940   -125.250   -130.710
      6.371     59.430     96.310     92.170    -66.990   -121.260   -136.860
      6.386     58.460     94.600     90.170    -68.890   -117.290   -143.620
      6.400     57.450     92.970     88.080    -72.190   -112.030   -149.890
      6.414     56.400     91.410     85.910    -74.620   -107.120   -156.170
      6.429     55.320     89.900     83.630    -76.960   -102.750   -164.110
      6.443     54.190     88.470     81.240    -79.760    -97.730   -170.720
      6.457     53.030     87.110     78.760    -82.340    -92.170   -177.230
      6.471     51.840     85.850     76.200    -84.980    -84.690   -183.670
      6.486     50.620     84.690     73.560    -86.710    -77.940   -189.450
      6.500     49.380     83.650     70.890    -89.260    -71.060   -196.360
      6.514     48.060     82.690     68.060    -93.320    -63.070   -203.000
      6.529     46.700     81.860     65.140    -95.940    -54.500   -209.870
      6.543     45.310     81.150     62.100    -98.620    -46.070   -217.620
      6.557     43.870     80.560     58.950   -101.260    -36.330   -223.740
      6.571     42.420     80.120     55.710   -102.490    -25.720   -230.090
      6.586     40.970     79.840     52.370   -103.040    -14.790   -235.960
      6.600     39.500     79.710     48.950   -105.190     -4.130   -240.690
      6.614     38.000     79.730     45.480   -105.880      8.320   -244.480
      6.629     36.470     79.920     41.950   -107.810     20.700   -249.650
      6.643     34.910     80.290     38.330   -108.360     35.100   -253.180
      6.657     33.330     80.910     34.690   -108.520     51.190   -255.820
      6.671     31.770     81.760     31.030   -107.650     66.200   -257.560
      6.686     30.230     82.820     27.320   -106.700     81.900   -258.170
      6.700     28.710     84.110     23.640   -104.140     98.720   -257.080
      6.714     27.230     85.640     19.980   -100.320    115.110   -254.410
      6.729     25.820     87.410     16.370    -96.240    131.300   -251.050
      6.743     24.470     89.390     12.820    -92.570    145.810   -245.770
      6.757     23.160     91.580      9.360    -87.430    160.480   -237.170
      6.771     21.950     93.970      6.030    -81.250    173.980   -228.310
      6.786     20.820     96.550      2.850    -75.670    185.800   -217.220
      6.800     19.930     99.390     -0.000    -69.400    195.850   -205.000
      6.814     18.820    102.140     -3.000    -61.650    206.080   -191.680
      6.829     17.980    105.120     -5.630    -55.080    213.410   -178.870
      6.843     17.230    108.220     -8.080    -48.080    220.000   -165.770
      6.857     16.600    111.400    -10.340    -39.850    224.660   -152.340
      6.871     16.080    114.640    -12.420    -32.770    227.480   -139.630
      6.886     15.680    117.920    -14.320    -25.050    230.510   -126.940
      6.900     15.380    121.220    -16.030    -19.360    230.530   -113.280
      6.914     15.170    124.430    -17.730    -14.640    231.200   -102.150
      6.929     15.010    127.740    -19.100     -8.040    230.430    -89.400
      6.943     14.930    131.020    -20.290     -1.980    228.340    -78.270
      6.957     14.940    134.260    -21.330      2.620    225.530    -67.690
      6.971     15.040    137.540    -22.080      8.480    223.310    -57.190
      6.986     15.210    140.710    -22.830     13.770    220.220    -47.160
      7.000     15.470    143.820    -23.440     19.690    216.410    -37.460
      7.014     15.790    146.870    -23.920     24.040    211.670    -28.550
      7.029     16.170    149.850    -24.270     27.910    207.650    -19.980
      7.043     16.600    152.780    -24.510     31.540    204.450    -12.000
      7.057     17.080    155.670    -24.620     35.070    200.120     -3.160
      7.071     17.610    158.480    -24.630     39.600    195.230      3.050
      7.086     18.200    161.230    -24.560     43.270    191.110      9.260
      7.100     18.850    163.930    -24.400     46.580    186.800     15.650
      7.114     19.530    166.560    -24.140     49.320    182.230     22.610
      7.129     20.260    169.130    -23.760     52.550    176.580     30.020
      7.143     21.020    171.620    -23.300     55.860    171.890     35.830
      7.157     21.830    174.040    -22.750     58.110    166.320     41.700
      7.171     22.680    176.370    -22.120     60.420    161.150     46.570
      7.186     23.550    178.630    -21.420     63.030    154.670     51.880
      7.200     24.460    180.790    -20.640     64.360    150.530     57.540
      7.214     25.380    182.910    -19.790     65.770    145.650     62.970
      7.229     26.310    184.970    -18.830     67.460    140.990     69.150
      7.243     27.280    186.950    -17.790     70.470    135.000     73.690
      7.257     28.300    188.850    -16.710     72.330    129.210     76.670
      7.271     29.350    190.650    -15.570     74.640    123.240     81.460
      7.286     30.450    192.390    -14.360     77.110    119.500     86.340
      7.300     31.570    194.060    -13.090     79.530    113.550     89.770
      7.314     32.740    195.650    -11.790     81.270    108.130     92.600
      7.329     33.910    197.160    -10.440     82.360    102.340     96.780
      7.343     35.110    198.580     -9.030     83.880     96.460    100.670
      7.357     36.330    199.920     -7.560     85.620     90.540    104.320
      7.371     37.570    201.170     -6.060     86.740     84.630    107.080
      7.386     38.820    202.340     -4.510     88.500     79.280    110.930
      7.400     40.110    203.430     -2.910     90.270     74.210    113.590
      7.414     41.410    204.460     -1.270     91.700     69.500    117.620
      7.429     42.740    205.430      0.450     92.990     65.060    122.080
      7.443     44.080    206.320      2.210     94.850     58.980    124.230
      7.457     45.440    207.130      4.000     95.430     53.340    126.520
      7.471     46.820    207.830      5.830     97.080     45.650    129.410
      7.486     48.210    208.430      7.690     98.040     39.260    131.320
      7.500     49.620    208.950      9.580     98.820     32.940    134.330
      7.514     51.040    209.380     11.530    100.520     27.170    136.970
      7.529     52.480    209.720     13.490    100.430     21.000    138.200
      7.543     53.920    209.980     15.490    101.340     15.000    141.070
      7.557     55.380    210.150     17.510    102.130      8.700    142.370
      7.571     56.850    210.230     19.550    102.900      2.750    144.430
      7.586     58.310    210.220     21.620    102.690     -3.720    146.130
      7.600     59.770    210.120     23.730    103.680    -10.010    148.790
      7.614     61.260    209.940     25.870    104.150    -15.620    149.660
      7.629     62.740    209.670     28.010    103.010    -22.720    151.210
      7.643     64.200    209.290     30.200    102.930    -29.780    154.330
      7.657     65.660    208.820     32.410    103.430    -36.380    155.240
      7.671     67.130    208.260     34.660    103.840    -43.250    157.900
      7.686     68.610    207.600     36.930    103.980    -49.480    158.400
      7.700     70.080    206.840     39.210    104.080    -56.600    159.120
      7.714     71.550    205.980     41.490    103.200    -65.050    160.540
      7.729     73.010    205.010     43.810    102.960    -70.860    161.570
      7.743     74.470    203.960     46.130    102.820    -77.070    162.430
      7.757     75.950    202.810     48.460    103.620    -85.190    163.260
      7.771     77.430    201.540     50.800    104.940    -93.270    164.120
      7.786     78.950    200.150     53.150    105.260   -100.750    164.180
      7.800     80.450    198.660     55.490    104.290   -108.380    162.720
      7.814     81.940    197.060     57.800    103.450   -116.460    161.890
      7.829     83.410    195.340     60.110    102.910   -123.580    162.740
      7.843     84.870    193.520     62.440    102.310   -131.580    163.040
      7.857     86.330    191.580     64.760    102.530   -140.100    161.680
      7.871     87.800    189.520     67.050    102.430   -149.210    160.970
      7.886     89.270    187.320     69.350    102.520   -158.210    161.620
      7.900     90.730    184.990     71.660    101.710   -167.590    161.300
      7.914     92.180    182.530     73.950     99.420   -176.760    159.050
      7.929     93.590    179.930     76.210     98.040   -186.290    157.230
      7.943     94.970    177.190     78.450     96.290   -195.330    155.360
      7.957     96.350    174.340     80.640     95.360   -202.680    151.960
      7.971     97.690    171.390     82.790     93.090   -212.620    148.810
      7.986     99.010    168.270     84.900     91.670   -222.650    145.630
      8.000    100.300    165.030     86.960     89.400   -232.380    142.570
      8.014    101.560    161.650     88.970     86.120   -241.840    138.460
      8.029    102.760    158.100     90.920     82.460   -253.640    134.330
      8.043    103.910    154.400     92.800     79.400   -264.020    128.920
      8.057    105.020    150.550     94.600     75.990   -274.050    122.790
      8.071    106.080    146.570     96.300     71.770   -283.090    115.950
      8.086    107.070    142.460     97.910     67.450   -292.600    108.380
      8.100    108.000    138.210     99.400     62.650   -301.640     99.820
      8.114    108.850    133.840    100.770     56.720   -309.800     90.700
      8.129    109.630    129.360    101.990     52.170   -319.250     80.160
      8.143    110.330    124.730    103.050     46.180   -328.310     68.050
      8.157    110.940    120.000    103.930     39.180   -334.240     54.940
      8.171    111.450    115.180    104.610     32.520   -340.740     41.480
      8.186    111.860    110.270    105.100     25.020   -345.680     26.320
      8.200    112.160    105.300    105.360     17.540   -349.340     10.960
      8.214    112.350    100.300    105.410      9.420   -351.620     -5.200
      8.229    112.430     95.270    105.200      0.970   -351.980    -22.950
      8.243    112.380     90.230    104.750     -7.410   -351.360    -39.170
      8.257    112.210     85.240    104.060    -16.910   -345.410    -56.480
      8.271    111.910     80.340    103.120    -26.270   -338.800    -72.720
      8.286    110.600     75.870    100.090    -36.160   -328.090    -89.580
      8.300    110.900     70.950    100.570    -43.040   -317.580   -103.340
      8.314    110.230     66.500     98.990    -51.650   -305.730   -116.860
      8.329    109.420     62.220     97.230    -59.810   -292.180   -128.420
      8.343    108.520     58.150     95.310    -65.320   -278.820   -140.760
      8.357    107.540     54.270     93.220    -71.030   -263.700   -150.850
      8.371    106.480     50.620     91.010    -76.240   -248.370   -157.450
      8.386    105.360     47.180     88.720    -80.740   -233.420   -164.940
      8.400    104.180     43.950     86.330    -84.060   -217.630   -170.180
      8.414    102.970     40.960     83.880    -84.210   -202.030   -174.770
      8.429    101.760     38.180     81.350    -85.500   -186.700   -178.670
      8.443    100.540     35.630     78.780    -86.530   -171.450   -180.780
      8.457     99.300     33.290     76.200    -87.730   -157.430   -181.860
      8.471     98.050     31.140     73.590    -88.040   -142.730   -183.280
      8.486     96.810     29.210     70.980    -87.060   -128.220   -182.990
      8.500     95.610     27.520     68.350    -86.170   -115.660   -181.840
      8.514     94.360     25.910     65.770    -86.370   -102.560   -181.510
      8.529     93.140     24.550     63.180    -85.470    -87.750   -179.870
      8.543     91.930     23.400     60.630    -85.370    -74.410   -177.210
      8.557     90.720     22.420     58.120    -83.870    -63.170   -174.270
      8.571     89.540     21.600     55.640    -81.210    -52.400   -172.840
      8.586     88.400     20.930     53.170    -79.700    -42.640   -170.210
      8.600     87.280     20.390     50.760    -77.600    -32.290   -166.060
      8.614     86.180     20.000     48.410    -76.140    -22.030   -161.330
      8.629     85.100     19.750     46.140    -74.920    -12.660   -156.140
      8.643     84.020     19.640     43.930    -73.710     -3.190   -151.950
      8.657     82.970     19.660     41.810    -70.540      5.130   -146.690
      8.671     81.980     19.790     39.730    -67.080     13.960   -143.380
      8.686     81.030     20.040     37.720    -64.260     22.110   -137.470
      8.700     80.130     20.410     35.790    -60.750     29.420   -132.210
      8.714     79.270     20.880     33.950    -57.390     37.370   -126.020
      8.729     78.470     21.480     32.200    -54.030     45.600   -119.890
      8.743     77.720     22.170     30.540    -51.460     51.720   -113.760
      8.757     76.990     22.960     28.970    -48.420     58.030   -107.420
      8.771     76.330     23.830     27.480    -44.080     63.980   -102.890
      8.786     75.720     24.790     26.050    -40.580     69.860    -97.050
      8.800     75.190     25.830     24.710    -35.760     75.130    -90.770
      8.814     74.720     26.950     23.460    -31.240     80.850    -84.660
      8.829     74.300     28.150     22.290    -28.700     86.200    -78.590
      8.843     73.920     29.410     21.210    -25.060     90.600    -72.380
      8.857     73.590     30.730     20.230    -21.830     95.390    -65.230
      8.871     73.310     32.130     19.340    -17.650     99.850    -58.210
      8.886     73.080     33.590     18.560    -14.040    104.790    -51.550
      8.900     72.920     35.110     17.870    -10.080    108.190    -45.120
      8.914     72.810     36.690     17.270     -6.040    112.370    -38.110
      8.929     72.760     38.320     16.790     -1.750    115.370    -30.620
      8.943     72.770     39.990     16.390      1.250    119.160    -24.820
      8.957     72.810     41.730     16.080      4.130    123.390    -17.680
      8.971     72.880     43.510     15.870      7.520    126.290    -11.170
      8.986     73.010     45.330     15.750     11.090    128.100     -4.130
      9.000     73.190     47.180     15.740     16.420    131.510      4.190
      9.014     73.460     49.070     15.850     21.460    132.820     11.290
      9.029     73.790     50.980     16.050     24.970    135.510     17.830
      9.043     74.170     52.930     16.350     29.220    137.710     24.790
      9.057     74.610     54.910     16.760     33.090    140.110     32.620
      9.071     75.110     56.910     17.270     37.820    141.220     40.150
      9.086     75.680     58.940     17.890     41.990    143.410     47.700
      9.100     76.310     61.000     18.640     47.200    144.330     58.240
      9.114     77.010     63.060     19.540     52.390    144.780     67.560
      9.129     77.790     65.120     20.580     57.120    144.690     75.800
      9.143     78.630     67.190     21.720     62.070    144.790     84.010
      9.157     79.550     69.250     22.990     67.140    144.590     92.280
      9.171     80.530     71.310     24.380     70.320    144.040    100.600
      9.186     81.540     73.350     25.880     74.970    143.330    109.840
      9.200     82.640     75.380     27.530     80.500    141.870    119.410
      9.214     83.810     77.400     29.300     85.800    141.140    128.010
      9.229     85.040     79.360     31.180     92.760    138.400    137.300
      9.243     86.430     81.310     33.220     99.120    136.150    146.710
      9.257     87.870     83.240     35.380    104.000    133.910    155.640
      9.271     89.380     85.150     37.680    109.530    131.130    165.670
      9.286     90.990     87.010     40.120    116.510    127.640    175.960
      9.300     92.760     88.820     42.720    123.530    122.980    186.040
      9.314     94.570     90.540     45.450    129.740    117.930    196.380
      9.329     96.490     92.170     48.340    137.970    110.430    208.030
      9.343     98.520     93.700     51.390    143.760    104.290    219.760
      9.357    100.630     95.150     54.600    150.370     97.850    229.460
      9.371    102.830     96.490     57.940    156.680     88.260    239.740
      9.386    105.130     97.680     61.430    163.770     77.930    249.490
      9.400    107.520     98.720     65.070    170.000     67.120    260.490
      9.414    110.000     99.570     68.870    175.310     53.090    271.700
      9.429    112.550    100.220     72.820    181.960     38.230    280.640
      9.443    116.540     98.210     78.870    188.530     22.910    289.270
      9.457    117.940    100.850     81.080    194.600      6.190    296.510
      9.471    120.770    100.800     85.360    200.640    -12.440    301.710
      9.486    123.670    100.480     89.710    204.770    -32.820    307.200
      9.500    126.620     99.840     94.120    209.010    -54.990    310.670
      9.514    129.680     98.900     98.640    212.520    -79.050    310.970
      9.529    132.690     97.580    103.000    214.130   -102.580    309.100
      9.543    135.770     95.950    107.380    214.960   -126.740    304.180
      9.557    138.810     93.970    111.680    210.690   -150.840    297.430
      9.571    141.790     91.640    115.860    206.220   -173.880    286.610
      9.586    144.700     89.000    119.870    201.260   -194.100    274.150
      9.600    147.530     86.090    123.690    194.560   -212.120    259.140
      9.614    150.250     82.940    127.280    185.960   -226.720    242.740
      9.629    152.840     79.610    130.620    176.710   -237.680    223.730
      9.643    155.290     76.150    133.680    166.560   -245.410    205.390
      9.657    157.590     72.600    136.490    156.790   -251.720    188.640
      9.671    159.760     68.960    139.080    147.720   -255.960    173.160
      9.686    161.800     65.290    141.440    138.440   -258.010    157.160
      9.700    163.710     61.590    143.570    128.830   -260.080    141.420
      9.714    165.470     57.870    145.480    118.790   -259.080    126.360
      9.729    167.090     54.190    147.180    109.060   -256.610    111.020
      9.743    168.580     50.540    148.660    100.210   -254.520     96.810
      9.757    169.940     46.940    149.940     91.450   -251.350     82.910
      9.771    171.190     43.380    151.040     83.820   -247.040     70.950
      9.786    172.310     39.890    151.970     75.480   -242.190     60.130
      9.800    173.340     36.470    152.760     69.170   -237.190     50.130
      9.814    174.280     33.130    153.400     62.650   -231.150     39.810
      9.829    175.130     29.870    153.910     56.660   -224.940     30.100
      9.843    175.900     26.710    154.280     50.200   -218.470     20.670
      9.857    176.610     23.670    154.540     44.030   -212.240     11.740
      9.871    177.190     20.690    154.630     37.000   -206.170      2.620
      9.886    177.660     17.800    154.610     30.510   -199.170     -5.700
      9.900    178.060     15.020    154.480     25.660   -192.290    -12.640
      9.914    178.390     12.320    154.270     19.970   -186.020    -19.180
      9.929    178.640      9.710    153.950     14.850   -178.110    -26.990
      9.943    178.830      7.230    153.530     10.620   -170.380    -33.690
      9.957    178.970      4.850    153.000      5.670   -163.410    -40.120
      9.971    179.030      2.580    152.390      1.580   -155.410    -46.040
      9.986    179.030      0.410    151.700     -4.120   -148.070    -51.390
     10.000    178.930     -1.640    150.930     -8.550   -139.510    -56.690
     10.014    178.780     -3.570    150.100    -12.430   -132.080    -61.980
     10.029    178.600     -5.400    149.160    -15.910   -124.050    -68.570
     10.043    178.360     -7.110    148.130    -19.900   -115.080    -75.090
     10.057    178.060     -8.700    146.990    -23.680   -106.580    -80.600
     10.071    177.670    -10.160    145.810    -29.350    -98.110    -84.430
     10.086    177.200    -11.510    144.590    -33.460    -90.060    -87.450
     10.100    176.680    -12.740    143.340    -37.230    -81.460    -91.130
     10.114    176.110    -13.830    142.020    -40.710    -72.250    -95.870
     10.129    175.490    -14.780    140.620    -44.030    -62.570   -100.280
     10.143    174.840    -15.610    139.140    -47.020    -53.580   -103.900
     10.157    174.140    -16.310    137.630    -50.740    -44.210   -107.770
     10.171    173.390    -16.880    136.070    -54.220    -35.030   -110.880
     10.186    172.600    -17.310    134.470    -57.230    -24.700   -113.130
     10.200    171.760    -17.580    132.840    -60.460    -14.140   -115.910
     10.214    170.890    -17.700    131.160    -62.300     -2.850   -118.630
     10.229    169.980    -17.660    129.450    -66.160      7.440   -121.070
     10.243    169.010    -17.470    127.710    -69.320     18.570   -122.720
     10.257    168.000    -17.120    125.950    -71.300     29.460   -123.370
     10.271    166.970    -16.620    124.190    -73.010     40.280   -124.260
     10.286    165.920    -15.960    122.410    -75.100     53.060   -124.970
     10.300    164.810    -14.960    120.630    -79.520     66.450   -125.400
     10.314    163.660    -14.040    118.840    -81.390     79.790   -125.090
     10.329    162.490    -12.810    117.060    -82.180     92.740   -124.620
     10.343    161.300    -11.390    115.290    -83.220    106.050   -124.840
     10.357    160.110     -9.770    113.510    -84.140    119.410   -123.840
     10.371    158.910     -7.960    111.750    -84.470    134.280   -121.920
     10.386    157.710     -5.930    110.040    -85.350    148.840   -118.170
     10.400    156.470     -3.690    108.380    -86.620    164.360   -113.820
     10.414    155.250     -1.230    106.780    -84.980    179.990   -109.180
     10.429    154.050      1.470    105.260    -82.640    195.650   -103.460
     10.443    152.890      4.370    103.840    -80.380    210.260    -95.480
     10.457    151.770      7.490    102.540    -77.710    226.270    -86.810
     10.471    152.700     16.900    105.890    -73.050    242.520    -76.550
     10.486    149.680     14.440    100.370    -68.590    258.630    -64.130
     10.500    148.770     18.270     99.570    -60.210    274.640    -49.500
     10.514    147.980     22.300     98.980    -50.980    287.650    -34.170
     10.529    147.330     26.510     98.610    -41.180    299.990    -17.660
     10.543    146.830     30.890     98.490    -29.230    310.220      0.400
     10.557    146.510     35.380     98.650    -15.370    316.160     21.250
     10.571    146.400     39.930     99.110     -1.740    317.400     43.010
     10.586    146.480     44.470     99.870     13.330    314.760     64.020
     10.600    149.680     50.170    105.870     28.500    308.960     84.690
     10.614    147.260     53.300    102.260     41.290    299.930    103.490
     10.629    147.950     57.510    103.870     55.380    287.900    120.820
     10.643    148.830     61.530    105.700     68.390    274.750    135.620
     10.657    149.880     65.370    107.730     79.620    260.010    148.210
     10.671    151.090     68.960    109.940     89.360    241.940    158.940
     10.686    152.430     72.300    112.270     97.600    225.540    167.650
     10.700    153.870     75.400    114.720    105.320    208.840    174.560
     10.714    155.430     78.260    117.250    112.580    191.930    180.260
     10.729    157.090     80.880    119.860    119.830    175.940    185.120
     10.743    158.850     83.280    122.530    125.810    159.480    187.820
     10.757    160.670     85.430    125.230    129.020    142.690    190.620
     10.771    162.560     87.250    128.020    132.250    125.250    192.190
     10.786    164.450     89.010    130.700    135.110    109.070    191.750
     10.800    166.390     90.460    133.430    137.220     93.760    192.350
     10.814    168.350     91.690    136.180    138.590     79.340    192.570
     10.829    170.340     92.740    138.930    139.910     65.540    191.770
     10.843    172.340     93.580    141.640    141.420     51.660    189.240
     10.857    174.360     94.220    144.320    142.680     38.070    186.860
     10.871    176.410     94.680    146.960    143.610     25.340    183.620
     10.886    178.450     94.960    149.560    143.650     12.480    180.220
     10.900    180.500     95.050    152.100    143.110     -0.450    176.920
     10.914    182.530     94.970    154.590    140.950    -10.820    172.950
     10.929    184.520     94.740    157.040    138.970    -23.750    169.880
     10.943    186.490     94.310    159.430    137.430    -36.210    165.430
     10.957    188.440     93.720    161.760    136.710    -47.100    160.710
     10.971    190.370     92.980    164.030    135.040    -58.410    156.090
     10.986    192.290     92.080    166.230    133.490    -69.230    151.060
     11.000    194.190     91.020    168.350    131.540    -78.860    145.290
     11.014    196.060     89.820    170.380    127.970    -89.550    139.180
     11.029    197.840     88.470    172.290    124.210    -99.740    132.060
     11.043    199.590     86.960    174.130    122.080   -108.960    126.840
     11.057    201.320     85.360    175.900    119.080   -115.660    120.680
     11.071    203.010     83.660    177.570    116.260   -125.390    113.990
     11.086    204.660     81.800    179.140    113.040   -134.170    106.120
     11.100    206.240     79.830    180.590    109.060   -142.620     98.970
     11.114    207.770     77.730    181.940    104.540   -150.990     91.970
     11.129    209.240     75.520    183.200    100.470   -159.050     85.040
     11.143    210.650     73.210    184.360     95.150   -166.260     77.270
     11.157    211.970     70.780    185.400     89.620   -173.450     69.140
     11.171    213.200     68.250    186.330     84.390   -180.440     60.390
     11.186    214.370     65.630    187.100     79.370   -186.670     50.790
     11.200    215.460     62.920    187.750     72.900   -193.310     42.190
     11.214    216.430     60.110    188.290     66.300   -198.920     33.770
     11.229    217.320     57.240    188.720     59.430   -203.760     24.890
     11.243    218.090     54.310    189.020     51.830   -208.690     14.970
     11.257    218.790     51.300    189.150     45.660   -213.040      4.100
     11.271    219.390     48.240    189.130     38.750   -218.010     -6.170
     11.286    219.900     45.090    188.980     31.630   -222.270    -15.790
     11.300    220.280     41.890    188.680     23.590   -226.080    -28.050
     11.314    220.560     38.640    188.180     15.170   -229.020    -40.840
     11.329    220.720     35.360    187.510      6.880   -231.070    -52.600
     11.343    220.780     32.030    186.660     -1.400   -233.610    -65.240
     11.357    220.700     28.670    185.630    -12.410   -235.010    -78.560
     11.371    220.430     25.310    184.390    -22.920   -234.000    -92.000
     11.386    220.010     21.980    182.980    -34.190   -232.680   -105.720
     11.400    219.420     18.660    181.380    -46.280   -230.100   -118.630
     11.414    218.660     15.420    179.610    -57.530   -224.480   -132.090
     11.429    217.760     12.260    177.610    -69.560   -219.030   -146.590
     11.429    217.760     12.260    177.610    -69.560   -219.030   -146.590
