#         t          x          y          z         vx         vy         vz
      0.000     -0.900      2.390     -1.420     -0.760      3.630     -0.920
      0.014     -0.940      2.380     -1.440     -1.780      3.640     -1.090
      0.029     -0.980      2.380     -1.460     -1.760      3.510     -1.310
      0.043     -1.040      2.390     -1.470     -2.490      4.490     -0.870
      0.057     -1.100      2.420     -1.480     -1.760      5.330     -0.560
      0.071     -1.160      2.450     -1.490     -2.720      5.200     -0.480
      0.086     -1.220      2.480     -1.500     -2.780      5.310     -1.100
      0.100     -1.300      2.520     -1.510     -4.050      5.570     -1.660
      0.114     -1.390      2.570     -1.530     -4.380      7.290     -1.110
      0.129     -1.480      2.650     -1.550     -3.750      7.820     -1.250
      0.143     -1.560      2.730     -1.570     -4.730      8.650     -0.720
      0.157     -1.650      2.830     -1.580     -4.710      8.350     -1.540
      0.171     -1.740      2.930     -1.600     -5.530      8.440     -0.620
      0.186     -1.830      3.030     -1.600     -6.060      8.510     -0.130
      0.200     -1.920      3.140     -1.600     -5.610      8.680     -0.130
      0.214     -2.000      3.250     -1.600     -4.520      8.650     -0.080
      0.229     -2.070      3.370     -1.600     -4.330      8.430      0.090
      0.243     -2.140      3.480     -1.600     -4.600      8.190      0.030
      0.257     -2.200      3.600     -1.610     -4.470      7.710     -0.440
      0.271     -2.260      3.710     -1.610     -4.790      7.160     -0.400
      0.286     -2.320      3.820     -1.610     -4.900      6.540      0.350
      0.300     -2.380      3.930     -1.600     -5.100      6.490      0.750
      0.314     -2.430      4.040     -1.600     -4.260      6.190      0.820
      0.329     -2.470      4.150     -1.590     -5.420      6.730      0.290
      0.343     -2.530      4.260     -1.580     -7.200      6.660      0.880
      0.357     -2.590      4.380     -1.580     -7.000      7.090      0.500
      0.371     -2.660      4.480     -1.580     -8.290      7.990     -0.110
      0.386     -2.740      4.600     -1.580     -9.440      9.140     -0.630
      0.400     -2.830      4.730     -1.590     -9.360      9.740     -1.770
      0.414     -2.910      4.850     -1.620     -8.870     10.590     -2.170
      0.429     -2.990      4.980     -1.640     -8.550     11.650     -1.990
      0.443     -3.080      5.120     -1.670     -7.450     11.890     -2.660
      0.457     -3.150      5.250     -1.710     -6.280     11.340     -2.590
      0.471     -3.220      5.370     -1.750     -5.710     10.800     -3.220
      0.486     -3.290      5.490     -1.790     -4.150     10.770     -2.560
      0.500     -3.350      5.620     -1.820     -3.750      9.960     -2.710
      0.514     -3.400      5.740     -1.870     -2.660      9.090     -3.110
      0.529     -3.450      5.850     -1.900     -2.730      8.210     -2.630
      0.543     -3.500      5.960     -1.950     -3.050      6.240     -3.130
      0.557     -3.560      6.050     -1.990     -3.790      5.990     -2.750
      0.571     -3.620      6.150     -2.040     -3.570      5.810     -2.800
      0.586     -3.690      6.250     -2.080     -4.320      5.420     -2.550
      0.600     -3.760      6.340     -2.120     -4.750      4.640     -1.690
      0.614     -3.840      6.440     -2.140     -5.360      5.040     -1.720
      0.629     -3.930      6.530     -2.170     -5.910      4.810     -1.750
      0.643     -4.020      6.630     -2.200     -6.540      5.180     -1.490
      0.657     -4.120      6.740     -2.220     -6.070      6.300     -0.210
      0.671     -4.210      6.860     -2.230     -6.200      5.880     -0.410
      0.686     -4.300      6.970     -2.250     -6.150      6.280     -0.900
      0.700     -4.400      7.100     -2.270     -7.370      6.300     -1.330
      0.714     -4.510      7.230     -2.290     -7.860      7.230     -1.950
      0.729     -4.620      7.380     -2.320     -8.250      8.070     -1.930
      0.743     -4.720      7.540     -2.360     -8.310      9.940     -2.730
      0.757     -4.820      7.720     -2.400     -7.900     11.000     -4.110
      0.771     -4.920      7.910     -2.470     -7.100     11.970     -5.550
      0.786     -5.000      8.090     -2.550     -6.570     11.530     -6.310
      0.800     -5.090      8.280     -2.630     -7.220     11.490     -7.060
      0.814     -5.170      8.460     -2.720     -6.060     10.790     -7.340
      0.829     -5.250      8.620     -2.830     -6.220      9.010     -9.170
      0.843     -5.320      8.780     -2.950     -6.580      9.000     -9.510
      0.857     -5.410      8.920     -3.080     -7.570      8.620     -9.460
      0.871     -5.500      9.070     -3.200     -9.210      9.070     -8.480
      0.886     -5.610      9.210     -3.320     -9.770     10.020     -7.880
      0.900     -5.730      9.360     -3.420    -10.440     10.110     -7.220
      0.914     -5.860      9.500     -3.530    -11.560     10.650     -7.290
      0.929     -5.990      9.640     -3.650    -11.280     11.260     -8.800
      0.943     -6.120      9.780     -3.770    -10.610     11.320     -8.400
      0.957     -6.240      9.920     -3.900     -9.700     11.090     -8.970
      0.971     -6.360     10.050     -4.030     -8.990     10.730     -8.620
      0.986     -6.470     10.180     -4.160     -7.780     10.930     -8.750
      1.000     -6.560     10.310     -4.290     -7.210     10.990     -8.460
      1.014     -6.650     10.440     -4.410     -6.080     10.900     -7.290
      1.029     -6.750     10.560     -4.520     -5.780     10.470     -7.400
      1.043     -6.830     10.700     -4.630     -5.360     10.660     -7.470
      1.057     -6.920     10.840     -4.750     -5.410     11.190     -8.270
      1.071     -7.010     10.980     -4.880     -5.420     10.980     -8.890
      1.086     -7.110     11.140     -5.010     -5.620     12.300    -10.170
      1.100     -7.200     11.320     -5.160     -5.390     13.560    -10.400
      1.114     -7.300     11.510     -5.300     -6.300     15.110    -10.490
      1.129     -7.410     11.730     -5.450     -6.510     16.280    -12.040
      1.143     -7.520     11.950     -5.620     -6.570     16.810    -12.010
      1.157     -7.640     12.190     -5.770     -6.760     17.240    -10.980
      1.171     -7.760     12.430     -5.930     -7.080     16.030    -11.240
      1.186     -7.890     12.650     -6.080     -6.810     15.190    -11.390
      1.200     -8.000     12.890     -6.230     -6.360     15.880    -10.780
      1.214     -8.120     13.130     -6.380     -7.010     16.210    -11.140
      1.229     -8.240     13.380     -6.540     -8.220     15.040    -11.470
      1.243     -8.370     13.630     -6.700     -8.890     15.270    -11.510
      1.257     -8.500     13.890     -6.850     -9.040     15.500    -10.310
      1.271     -8.630     14.160     -6.990     -9.450     16.130    -10.270
      1.286     -8.760     14.430     -7.150    -10.430     16.830    -10.760
      1.300     -8.890     14.710     -7.300    -10.170     17.730    -10.300
      1.314     -9.000     14.990     -7.450     -9.070     18.130    -11.130
      1.329     -9.110     15.270     -7.610     -9.190     18.120    -11.430
      1.343     -9.230     15.540     -7.780    -10.270     18.560    -11.340
      1.357     -9.360     15.820     -7.940    -10.640     18.760    -11.060
      1.371     -9.480     16.100     -8.100    -10.460     18.090    -11.300
      1.386     -9.610     16.360     -8.260    -10.170     17.050    -12.030
      1.400     -9.730     16.610     -8.440    -10.570     16.450    -13.050
      1.414     -9.860     16.850     -8.630    -10.380     15.870    -13.710
      1.429     -9.990     17.080     -8.820    -10.590     15.320    -13.740
      1.443    -10.110     17.310     -9.010    -10.920     15.090    -14.330
      1.457    -10.250     17.530     -9.210    -12.020     16.370    -14.840
      1.471    -10.390     17.780     -9.420    -12.730     17.690    -15.080
      1.486    -10.540     18.030     -9.620    -13.010     19.190    -14.790
      1.500    -10.690     18.310     -9.820    -12.540     20.760    -14.840
      1.514    -10.840     18.590    -10.030    -12.090     21.390    -14.720
      1.529    -10.980     18.880    -10.230    -10.940     22.480    -14.130
      1.543    -11.120     19.180    -10.420    -10.220     23.220    -14.410
      1.557    -11.270     19.480    -10.630    -10.550     23.410    -14.660
      1.571    -11.420     19.800    -10.840    -10.760     23.210    -15.540
      1.586    -11.570     20.110    -11.050    -10.810     23.360    -14.690
      1.600    -11.740     20.440    -11.250    -11.610     23.580    -13.130
      1.614    -11.910     20.780    -11.430    -12.500     24.320    -12.140
      1.629    -12.100     21.130    -11.600    -13.040     24.780    -12.470
      1.643    -12.290     21.480    -11.790    -13.430     25.190    -12.770
      1.657    -12.480     21.850    -11.970    -13.410     25.720    -13.000
      1.671    -12.670     22.220    -12.160    -13.570     25.940    -13.810
      1.686    -12.870     22.590    -12.350    -13.520     26.410    -13.090
      1.700    -13.060     22.970    -12.540    -12.950     26.690    -13.660
      1.714    -13.260     23.350    -12.730    -12.620     26.770    -14.100
      1.729    -13.460     23.730    -12.940    -13.290     26.130    -14.380
      1.743    -13.670     24.110    -13.130    -13.740     25.310    -14.480
      1.757    -13.870     24.490    -13.340    -13.140     25.730    -14.410
      1.771    -14.070     24.880    -13.540    -13.300     25.950    -14.570
      1.786    -14.270     25.280    -13.750    -13.680     26.510    -15.550
      1.800    -14.470     25.690    -13.960    -14.080     26.870    -15.980
      1.814    -14.670     26.100    -14.180    -13.950     26.420    -15.640
      1.829    -14.870     26.500    -14.390    -14.350     26.830    -15.520
      1.843    -15.070     26.900    -14.610    -16.000     26.070    -15.340
      1.857    -15.290     27.300    -14.810    -16.550     26.930    -14.350
      1.871    -15.520     27.700    -15.010    -18.700     26.710    -13.860
      1.886    -15.780     28.100    -15.200    -20.100     27.510    -14.000
      1.900    -16.040     28.530    -15.400    -21.170     29.530    -13.780
      1.914    -16.330     28.960    -15.580    -22.500     29.660    -13.130
      1.929    -16.630     29.390    -15.770    -23.310     29.530    -14.260
      1.943    -16.930     29.820    -15.980    -23.200     30.910    -15.100
      1.957    -17.240     30.270    -16.190    -23.400     32.430    -15.610
      1.971    -17.550     30.730    -16.410    -24.190     33.770    -16.500
      1.986    -17.870     31.210    -16.640    -23.630     34.550    -17.030
      2.000    -18.190     31.690    -16.870    -23.920     35.580    -16.140
      2.014    -18.510     32.180    -17.090    -23.630     36.210    -16.010
      2.029    -18.840     32.680    -17.310    -23.950     37.160    -16.380
      2.043    -19.170     33.190    -17.540    -22.880     37.550    -16.210
      2.057    -19.490     33.710    -17.760    -22.010     38.920    -16.460
      2.071    -19.820     34.250    -17.990    -21.780     40.210    -16.500
      2.086    -20.130     34.800    -18.220    -20.740     40.420    -17.420
      2.100    -20.440     35.350    -18.460    -20.100     40.290    -17.280
      2.114    -20.740     35.900    -18.700    -19.900     40.550    -17.320
      2.129    -21.040     36.460    -18.940    -18.400     40.620    -16.710
      2.143    -21.320     37.030    -19.180    -17.410     40.300    -16.500
      2.157    -21.600     37.590    -19.420    -17.310     40.900    -17.000
      2.171    -21.880     38.170    -19.660    -17.190     40.080    -17.290
      2.186    -22.160     38.730    -19.910    -17.780     39.290    -17.880
      2.200    -22.450     39.310    -20.170    -18.920     39.710    -18.880
      2.214    -22.760     39.880    -20.440    -19.240     39.650    -19.390
      2.229    -23.070     40.460    -20.720    -20.090     38.360    -20.260
      2.243    -23.390     41.040    -21.000    -20.890     38.750    -19.600
      2.257    -23.720     41.620    -21.270    -21.980     39.180    -19.970
      2.271    -24.050     42.210    -21.560    -21.810     39.580    -20.610
      2.286    -24.390     42.810    -21.840    -22.860     39.710    -19.680
      2.300    -24.720     43.410    -22.120    -23.000     41.190    -19.760
      2.314    -25.050     44.030    -22.390    -22.840     41.910    -19.010
      2.329    -25.380     44.640    -22.650    -22.970     41.890    -17.760
      2.343    -25.710     45.270    -22.900    -23.190     42.880    -18.230
      2.357    -26.040     45.900    -23.170    -23.670     42.520    -19.480
      2.371    -26.370     46.520    -23.430    -23.530     42.490    -18.350
      2.386    -26.690     47.150    -23.690    -23.420     42.850    -18.920
      2.400    -27.010     47.780    -23.960    -24.110     43.930    -19.220
      2.414    -27.340     48.430    -24.230    -24.740     44.190    -19.500
      2.429    -27.680     49.070    -24.500    -25.050     43.940    -19.480
      2.443    -28.010     49.700    -24.780    -25.120     44.440    -20.270
      2.457    -28.350     50.350    -25.060    -25.670     44.950    -20.120
      2.471    -28.680     50.990    -25.330    -24.860     46.610    -20.090
      2.486    -29.010     51.660    -25.610    -24.100     48.090    -20.030
      2.500    -29.340     52.340    -25.890    -23.730     50.240    -19.980
      2.514    -29.660     53.050    -26.170    -22.710     50.510    -20.970
      2.529    -29.980     53.750    -26.460    -22.960     51.130    -21.550
      2.543    -30.310     54.460    -26.770    -23.730     51.980    -22.270
      2.557    -30.640     55.190    -27.060    -24.190     52.960    -21.220
      2.571    -30.990     55.920    -27.360    -24.920     53.440    -21.430
      2.586    -31.350     56.660    -27.650    -25.400     53.130    -20.490
      2.600    -31.720     57.400    -27.930    -25.780     53.510    -20.050
      2.614    -32.090     58.150    -28.210    -25.360     54.080    -20.010
      2.629    -32.460     58.910    -28.490    -26.270     54.150    -19.750
      2.643    -32.850     59.680    -28.770    -26.780     54.630    -20.240
      2.657    -33.240     60.450    -29.060    -26.660     54.650    -20.480
      2.671    -33.620     61.220    -29.360    -26.310     54.960    -21.010
      2.686    -34.020     61.990    -29.660    -27.060     55.240    -21.410
      2.700    -34.420     62.770    -29.970    -26.520     56.080    -22.470
      2.714    -34.810     63.560    -30.290    -26.570     55.950    -21.800
      2.729    -35.220     64.350    -30.600    -27.590     56.540    -22.540
      2.743    -35.640     65.160    -30.910    -28.200     57.680    -22.670
      2.757    -36.060     65.980    -31.240    -28.040     58.050    -22.940
      2.771    -36.490     66.820    -31.570    -28.120     58.670    -23.870
      2.786    -36.910     67.670    -31.900    -29.100     59.840    -24.130
      2.800    -37.340     68.540    -32.240    -29.140     60.240    -24.320
      2.814    -37.770     69.420    -32.580    -30.080     60.900    -24.650
      2.829    -38.210     70.320    -32.930    -30.960     62.820    -25.140
      2.843    -38.650     71.240    -33.280    -30.860     63.990    -24.410
      2.857    -39.080     72.160    -33.620    -30.700     63.260    -24.190
      2.871    -39.520     73.090    -33.960    -30.690     63.980    -23.990
      2.886    -39.950     74.020    -34.300    -30.210     64.700    -24.610
      2.900    -40.370     74.960    -34.660    -30.290     64.920    -25.490
      2.914    -40.790     75.920    -35.020    -29.960     66.300    -26.230
      2.929    -41.210     76.890    -35.400    -30.260     67.010    -27.550
      2.943    -41.630     77.880    -35.790    -29.730     67.770    -28.390
      2.957    -42.040     78.870    -36.190    -30.350     68.850    -29.570
      2.971    -42.450     79.880    -36.600    -30.610     70.090    -28.770
      2.986    -42.860     80.900    -37.010    -31.180     71.410    -29.140
      3.000    -43.280     81.930    -37.410    -31.040     72.490    -29.020
      3.014    -43.690     82.970    -37.820    -31.000     73.460    -28.460
      3.029    -44.110     84.030    -38.220    -31.810     75.390    -28.850
      3.043    -44.540     85.110    -38.630    -31.930     77.060    -29.310
      3.057    -44.980     86.220    -39.030    -31.570     78.500    -28.980
      3.071    -45.410     87.340    -39.430    -32.130     79.330    -27.480
      3.086    -45.860     88.470    -39.820    -32.150     80.340    -27.930
      3.100    -46.310     89.620    -40.230    -32.560     80.890    -29.040
      3.114    -46.760     90.780    -40.650    -32.880     81.350    -29.920
      3.129    -47.230     91.960    -41.070    -33.670     81.910    -30.560
      3.143    -47.710     93.130    -41.500    -34.100     82.140    -30.600
      3.157    -48.180     94.320    -41.930    -34.400     83.070    -31.050
      3.171    -48.670     95.520    -42.370    -35.010     83.400    -31.490
      3.186    -49.170     96.740    -42.810    -36.330     84.110    -31.180
      3.200    -49.680     97.950    -43.250    -36.700     84.920    -30.750
      3.214    -50.200     99.190    -43.680    -37.180     85.900    -30.060
      3.229    -50.720    100.430    -44.100    -37.760     86.730    -29.330
      3.243    -51.260    101.690    -44.510    -38.070     87.510    -28.840
      3.257    -51.800    102.970    -44.920    -37.950     88.650    -28.710
      3.271    -52.340    104.260    -45.330    -38.980     89.540    -29.120
      3.286    -52.900    105.570    -45.750    -39.490     90.520    -29.730
      3.300    -53.460    106.900    -46.180    -39.190     92.390    -30.480
      3.314    -54.020    108.250    -46.610    -39.880     93.320    -30.420
      3.329    -54.590    109.630    -47.040    -40.530     94.490    -31.180
      3.343    -55.170    111.010    -47.480    -41.530     95.610    -31.410
      3.357    -55.760    112.430    -47.920    -42.890     98.000    -31.540
      3.371    -56.360    113.880    -48.370    -43.390    101.130    -32.050
      3.386    -56.960    115.370    -48.810    -43.900    103.530    -31.260
      3.400    -57.580    116.880    -49.250    -44.450    106.290    -31.760
      3.414    -58.190    118.430    -49.700    -44.340    108.900    -31.310
      3.429    -58.800    120.010    -50.130    -43.240    110.760    -30.940
      3.443    -59.400    121.620    -50.570    -42.500    112.890    -30.620
      3.457    -60.000    123.240    -51.000    -41.460    114.560    -31.140
      3.471    -60.590    124.890    -51.430    -41.140    116.760    -30.550
      3.486    -61.180    126.580    -51.850    -40.350    118.910    -29.930
      3.500    -61.770    128.300    -52.280    -41.340    120.820    -29.750
      3.514    -62.380    130.040    -52.690    -42.200    123.100    -28.840
      3.529    -62.980    131.810    -53.110    -41.990    124.970    -29.930
      3.543    -63.580    133.610    -53.530    -41.360    126.980    -29.630
      3.557    -64.180    135.450    -53.950    -41.280    129.320    -29.110
      3.571    -64.790    137.320    -54.360    -41.880    132.220    -28.960
      3.586    -65.390    139.230    -54.760    -42.230    135.520    -27.890
      3.600    -66.010    141.200    -55.150    -42.640    139.120    -27.330
      3.614    -66.630    143.210    -55.540    -43.130    142.640    -27.250
      3.629    -67.260    145.280    -55.940    -43.040    146.510    -28.060
      3.643    -67.890    147.390    -56.330    -42.560    149.750    -28.000
      3.657    -68.510    149.560    -56.720    -41.960    153.240    -26.840
      3.671    -69.130    151.780    -57.090    -41.560    157.490    -25.870
      3.686    -69.750    154.060    -57.450    -41.430    161.210    -24.310
      3.700    -70.370    156.400    -57.770    -41.970    165.420    -22.210
      3.714    -70.990    158.800    -58.080    -42.150    169.650    -20.870
      3.729    -71.610    161.260    -58.370    -42.420    173.700    -19.250
      3.743    -72.250    163.780    -58.630    -43.670    177.370    -17.970
      3.757    -72.880    166.360    -58.870    -43.780    181.930    -16.000
      3.771    -73.520    169.010    -59.090    -43.250    187.130    -13.900
      3.786    -74.140    171.730    -59.260    -42.920    192.740    -11.290
      3.800    -74.750    174.540    -59.400    -42.940    198.410     -7.980
      3.814    -75.360    177.430    -59.490    -42.130    205.100     -4.520
      3.829    -75.950    180.420    -59.520    -40.930    211.860     -0.780
      3.843    -76.510    183.510    -59.500    -38.910    219.830      3.840
      3.857    -77.040    186.710    -59.400    -36.080    227.090      9.350
      3.871    -77.510    190.010    -59.220    -32.530    235.200     15.910
      3.886    -77.930    193.440    -58.940    -27.430    244.260     23.080
      3.900    -78.270    196.980    -58.530    -21.460    252.600     33.380
      3.914    -78.520    200.640    -57.970    -13.620    260.010     43.940
      3.929    -78.660    204.380    -57.240     -5.090    265.730     57.370
      3.943    -78.660    208.200    -56.300      6.330    268.920     72.320
      3.957    -78.480    212.030    -55.140     19.750    268.720     88.760
      3.971    -78.100    215.830    -53.750     34.230    264.540    103.920
      3.986    -77.530    219.540    -52.140     47.810    256.200    118.390
      4.000    -76.780    223.110    -50.350     59.010    246.120    130.080
      4.014    -75.880    226.520    -48.420     69.290    233.120    138.890
      4.029    -74.850    229.730    -46.380     77.220    220.020    144.050
      4.043    -73.730    232.760    -44.300     83.000    207.130    147.070
      4.057    -72.550    235.610    -42.190     86.860    194.690    148.820
      4.071    -71.320    238.300    -40.080     90.050    182.240    148.340
      4.086    -70.050    240.820    -37.980     92.250    169.700    146.320
      4.100    -68.760    243.180    -35.930     92.560    157.060    143.770
      4.114    -67.470    245.400    -33.940     91.070    146.110    139.190
      4.129    -65.690    247.550    -32.020     88.960    135.210    134.190
      4.143    -64.420    249.450    -30.160     86.470    125.180    129.280
      4.157    -63.200    251.210    -28.360     84.260    117.210    124.310
      4.171    -62.020    252.860    -26.630     82.190    109.220    118.950
      4.186    -60.880    254.400    -24.980     79.920    102.230    113.850
      4.200    -59.760    255.840    -23.400     78.050     95.610    108.850
      4.214    -58.670    257.230    -21.890     76.250     89.070    104.570
      4.229    -57.610    258.500    -20.440     73.900     83.040    100.350
      4.243    -56.580    259.690    -19.040     72.310     77.900     97.060
      4.257    -55.650    260.530    -17.660     70.330     73.170     93.370
      4.271    -54.670    261.530    -16.360     68.610     69.140     89.160
      4.286    -53.720    262.490    -15.120     67.080     64.950     85.620
      4.300    -52.790    263.370    -13.940     67.060     60.760     82.330
      4.314    -51.870    264.210    -12.840     66.090     56.390     78.530
      4.329    -50.930    264.970    -11.750     64.320     52.290     75.550
      4.343    -50.010    265.670    -10.710     63.300     48.840     72.760
      4.357    -49.100    266.330     -9.690     62.490     44.660     71.540
      4.371    -48.200    266.920     -8.700     62.030     41.120     69.340
      4.386    -47.310    267.470     -7.740     62.020     36.980     67.120
      4.400    -46.420    267.960     -6.810     62.440     32.880     64.750
      4.414    -45.540    268.400     -5.910     62.100     29.610     63.150
      4.429    -44.660    268.800     -5.020     61.710     26.090     62.030
      4.443    -43.790    269.140     -4.150     60.870     22.210     60.800
      4.457    -42.940    269.450     -3.300     59.640     19.590     59.190
      4.471    -42.100    269.700     -2.480     59.700     15.420     56.990
      4.486    -41.270    269.910     -1.680     58.960     12.210     54.800
      4.500    -40.440    270.070     -0.920     58.820      9.090     52.830
      4.514    -39.610    270.180     -0.170     58.510      4.830     52.260
      4.529    -38.790    270.240      0.580     57.350      2.270     52.500
      4.543    -37.980    270.260      1.320     56.080     -1.140     51.220
      4.557    -37.190    270.240      2.050     55.320     -3.450     50.270
      4.571    -36.400    270.180      2.760     54.410     -6.510     49.420
      4.586    -35.620    270.080      3.460     53.290     -8.930     48.170
      4.600    -34.860    269.950      4.150     52.750    -10.650     47.620
      4.614    -34.100    269.790      4.830     52.000    -12.070     46.360
      4.629    -33.360    269.600      5.490     51.800    -14.440     44.370
      4.643    -32.620    269.380      6.120     51.460    -17.120     42.570
      4.657    -31.880    269.120      6.740     51.170    -19.450     42.630
      4.671    -31.160    268.830      7.350     51.380    -21.000     41.400
      4.686    -30.420    268.520      7.950     51.910    -22.740     40.360
      4.700    -29.690    268.180      8.520     51.580    -25.460     38.570
      4.714    -28.970    267.790      9.080     51.860    -28.780     37.780
      4.729    -28.240    267.370      9.630     50.640    -31.430     36.830
      4.743    -27.540    266.910     10.160     49.520    -34.030     35.830
      4.757    -26.830    266.420     10.680     49.730    -35.840     34.290
      4.771    -26.130    265.900     11.180     50.610    -38.300     33.870
      4.786    -25.420    265.340     11.680     50.450    -40.170     32.820
      4.800    -24.700    264.750     12.160     50.800    -42.980     31.740
      4.814    -23.990    264.130     12.620     50.710    -45.710     31.280
      4.829    -23.290    263.480     13.080     50.450    -47.290     30.770
      4.843    -22.580    262.800     13.530     49.200    -49.120     30.670
      4.857    -21.890    262.090     13.970     48.170    -50.980     30.670
      4.871    -21.220    261.360     14.420     46.550    -52.510     30.440
      4.886    -20.560    260.610     14.850     46.350    -54.000     29.350
      4.900    -19.900    259.820     15.270     45.830    -55.940     28.820
      4.914    -19.250    259.020     15.670     45.120    -58.070     27.240
      4.929    -18.600    258.180     16.060     44.850    -60.420     26.870
      4.943    -17.960    257.310     16.440     44.300    -63.000     26.150
      4.957    -17.320    256.410     16.810     43.760    -65.220     25.190
      4.971    -16.700    255.470     17.150     42.430    -67.390     22.840
      4.986    -16.090    254.500     17.480     41.940    -69.580     22.180
      5.000    -15.480    253.510     17.790     41.510    -71.130     21.820
      5.014    -14.890    252.490     18.100     40.810    -73.030     20.650
      5.029    -14.300    251.430     18.390     40.110    -75.250     18.690
      5.043    -13.720    250.350     18.650     39.180    -76.470     17.810
      5.057    -13.160    249.250     18.900     38.730    -78.000     16.090
      5.071    -12.600    248.120     19.130     38.470    -80.400     15.510
      5.086    -12.040    246.960     19.340     38.530    -82.550     12.840
      5.100    -11.490    245.770     19.510     37.650    -83.930     11.300
      5.114    -10.940    244.560     19.670     38.100    -85.300      9.210
      5.129    -10.400    243.330     19.800     38.030    -86.370      7.770
      5.143     -9.860    242.070     19.910     36.970    -88.790      5.870
      5.157     -9.340    240.790     19.980     35.390    -89.260      3.450
      5.171     -8.830    239.500     20.030     34.070    -89.960      1.460
      5.186     -8.350    238.200     20.040     33.100    -91.880     -1.130
      5.200     -7.880    236.870     20.010     31.450    -91.860     -4.410
      5.214     -7.420    235.540     19.940     30.740    -92.730     -7.180
      5.229     -6.980    234.200     19.830     30.260    -92.720    -10.280
      5.243     -6.540    232.860     19.670     30.790    -91.890    -13.620
      5.257     -6.090    231.530     19.460     32.020    -91.600    -17.100
      5.271     -5.630    230.200     19.210     32.810    -90.160    -19.370
      5.286     -5.160    228.890     18.940     32.890    -89.210    -20.620
      5.300     -4.690    227.590     18.640     33.410    -88.340    -21.290
      5.314     -4.210    226.300     18.340     34.700    -87.990    -21.050
      5.329     -3.710    225.010     18.050     35.500    -88.560    -21.440
      5.343     -3.210    223.710     17.740     36.410    -89.320    -22.470
      5.357     -2.690    222.400     17.430     37.200    -89.690    -23.700
      5.371     -2.170    221.090     17.110     37.640    -90.950    -23.130
      5.386     -1.660    219.750     16.790     37.060    -93.300    -23.010
      5.400     -1.140    218.380     16.480     37.320    -95.920    -22.780
      5.414     -0.630    216.980     16.170     37.450    -98.230    -21.450
      5.429     -0.120    215.540     15.870     36.830   -100.200    -21.730
      5.443      0.390    214.080     15.570     36.170   -102.450    -20.620
      5.457      0.880    212.590     15.280     35.400   -104.460    -20.100
      5.471      1.360    211.070     14.990     35.930   -107.190    -19.960
      5.486      1.860    209.510     14.700     36.370   -110.060    -19.480
      5.500      2.350    207.910     14.410     36.500   -113.910    -18.840
      5.514      2.840    206.250     14.140     36.420   -117.910    -17.840
      5.529      3.320    204.540     13.870     34.990   -121.160    -17.370
      5.543      3.780    202.800     13.610     34.920   -123.630    -16.690
      5.557      4.250    201.010     13.350     34.060   -126.500    -16.850
      5.571      4.700    199.190     13.090     32.780   -130.160    -16.740
      5.586      5.150    197.300     12.830     31.650   -134.160    -17.800
      5.600      5.570    195.350     12.560     29.710   -138.500    -18.250
      5.614      5.970    193.330     12.280     27.690   -142.790    -19.140
      5.629      6.340    191.250     11.990     25.590   -147.820    -20.350
      5.643      6.690    189.110     11.680     23.610   -151.400    -21.180
      5.657      7.010    186.900     11.360     20.870   -156.190    -22.600
      5.671      7.310    184.620     11.010     19.280   -160.800    -24.340
      5.686      7.570    182.270     10.640     16.670   -165.940    -26.980
      5.700      7.800    179.840     10.230     13.490   -171.440    -28.450
      5.714      7.980    177.330      9.810     10.380   -176.890    -30.540
      5.729      8.130    174.730      9.340      7.790   -183.780    -33.210
      5.743      8.220    172.030      8.830      3.900   -191.020    -36.430
      5.757      8.260    169.200      8.270     -0.400   -200.790    -39.880
      5.771      8.240    166.240      7.650     -6.050   -210.890    -43.930
      5.786      8.130    163.130      6.960    -12.290   -222.650    -49.720
      5.800      7.930    159.840      6.180    -22.170   -237.670    -56.210
      5.814      7.570    156.330      5.290    -36.960   -255.920    -67.080
      5.829      6.990    152.560      4.220    -60.240   -279.900    -83.210
      5.843      6.020    148.490      2.920   -105.610   -302.060   -106.840
      5.857      4.220    144.620      1.540   -169.960   -233.240    -87.470
      5.871      2.020    141.760      0.580   -163.640   -162.730    -53.230
      5.886     -0.020    139.590     -0.040   -140.080   -125.340    -32.620
      5.900     -1.770    137.840     -0.440   -117.290   -102.700    -20.720
      5.914     -3.240    136.410     -0.690   -100.240    -86.840    -16.890
      5.929     -4.440    135.220     -0.810    -81.100    -72.800    -13.370
      5.943     -5.380    134.250     -0.830    -58.250    -60.840     -7.320
      5.957     -6.080    133.470     -0.750    -34.450    -52.820      1.160
      5.971     -6.560    132.850     -0.590    -11.800    -46.590      9.750
      5.986     -6.830    132.370     -0.370      8.210    -41.540     17.510
      6.000     -6.910    132.020     -0.100     23.970    -35.070     24.160
      6.014     -6.830    131.790      0.230     36.900    -29.330     29.840
      6.029     -6.570    131.650      0.600     48.840    -22.370     34.220
      6.043     -6.170    131.610      1.020     58.760    -15.420     39.360
      6.057     -5.630    131.640      1.490     69.230     -7.650     44.670
      6.071     -4.950    131.770      1.990     78.480      0.260     48.780
      6.086     -4.150    131.970      2.540     87.980      7.410     53.060
      6.100     -3.230    132.250      3.120     97.960     16.070     57.240
      6.114     -2.190    132.610      3.740    107.140     24.670     61.390
      6.129     -1.050    133.070      4.410    116.630     33.400     66.430
      6.143      0.190    133.620      5.120    124.890     42.880     72.060
      6.157      1.540    134.260      5.870    134.660     53.030     77.920
      6.171      2.980    135.010      6.690    145.190     66.870     83.950
      6.186      4.560    135.890      7.560    158.940     82.300     91.800
      6.200      6.290    136.950      8.530    174.350    103.920    102.020
      6.214      8.190    138.260      9.640    192.340    138.690    118.020
      6.229     10.340    140.070     10.990    223.180    227.340    158.820
      6.243     12.230    142.050     12.740    128.130    108.330    151.620
      6.257     13.460    142.810     14.100     84.010     27.050     99.890
      6.271     14.380    142.960     15.050     47.150    -24.620     38.780
      6.286     15.080    142.750     15.680     25.310    -57.070     -1.960
      6.300     15.620    142.270     16.030      3.750    -86.690    -36.360
      6.314     16.050    141.480     16.080     23.130   -100.990    -27.890
      6.329     16.770    140.980     16.720     46.700    -31.930     57.790
      6.343     17.540    140.670     17.580     42.400    -44.290     35.390
      6.357     18.250    140.200     18.200     38.590    -47.570     20.380
      6.371     18.930    139.730     18.760     33.620    -46.430     10.780
      6.386     19.600    139.210     19.210     33.250    -45.170      4.660
      6.400     20.280    138.730     19.670     35.440    -41.400      5.000
      6.414     20.990    138.250     20.110     36.520    -36.990      5.650
      6.429     21.730    137.830     20.620     39.510    -26.200     16.840
      6.443     22.500    137.480     21.200     41.240    -19.310     22.280
      6.457     23.290    137.180     21.820     40.490    -14.730     26.340
      6.471     24.080    136.880     22.420     39.980    -17.070     22.370
      6.486     24.870    136.570     23.000     38.780    -16.030     22.710
      6.500     25.660    136.260     23.560     38.680    -18.670     20.070
      6.514     26.450    135.920     24.090     37.580    -21.150     18.340
      6.529     29.770    135.970     22.750     39.840    -26.240     17.270
      6.543     30.370    135.560     23.070     38.850    -29.960     15.750
      6.557     30.980    135.210     23.490     40.690    -29.840     19.100
      6.571     31.640    134.900     24.010     42.520    -30.290     22.000
      6.586     32.600    134.570     25.100     41.660    -31.720     21.540
      6.600     33.180    134.200     25.320     39.690    -32.560     19.880
      6.614     33.750    133.850     25.570     40.710    -27.450     26.530
      6.629     34.080    133.650     26.000     40.310    -25.250     30.270
      6.643     34.640    133.300     26.570     40.410    -23.600     33.030
      6.657     35.190    132.970     27.120     38.730    -23.990     32.320
      6.671     35.720    132.630     27.610     36.800    -26.090     26.950
      6.686     36.290    132.290     28.160     40.970    -24.510     35.800
      6.700     36.930    131.960     28.840     40.870    -25.100     36.120
      6.714     37.540    131.580     29.470     38.130    -27.270     33.190
      6.729     38.110    131.190     30.100     38.680    -27.030     36.960
      6.743     38.650    130.780     30.710     35.910    -28.730     31.480
      6.757     39.140    130.300     31.240     34.750    -29.770     28.180
      6.771     39.660    129.880     31.690     40.790    -26.890     38.620
      6.786     40.280    129.520     32.330     41.660    -27.090     40.220
      6.800     40.850    129.080     32.810     38.220    -31.980     29.700
      6.814     41.350    128.580     33.160     39.920    -30.730     32.090
      6.829     41.910    128.140     33.610     40.880    -31.080     31.080
      6.843     42.520    127.710     34.080     42.450    -31.910     31.480
      6.857     43.120    127.240     34.550     42.560    -32.640     30.490
      6.871     43.680    126.740     34.950     41.810    -33.410     27.770
      6.886     44.250    126.260     35.380     42.790    -32.530     28.970
      6.900     44.820    125.780     35.810     40.980    -33.770     23.450
      6.914     45.320    125.250     36.110     38.940    -34.000     20.970
      6.929     45.840    124.730     36.450     41.320    -31.600     24.360
      6.943     46.420    124.240     36.920     43.310    -28.650     27.640
      6.957     47.030    123.800     37.430     39.730    -30.150     21.520
      6.971     47.520    123.280     37.720     38.980    -28.800     20.490
      6.986     48.050    122.780     38.110     39.770    -26.460     23.430
      7.000     49.380    120.650     39.090     37.070    -27.380     22.700
      7.014     49.950    120.270     39.420     38.250    -25.470     26.150
      7.029     50.530    119.920     39.770     37.440    -25.490     25.710
      7.043     51.100    119.570     40.100     35.870    -26.530     23.170
      7.057     51.670    119.220     40.410     35.300    -26.580     23.500
      7.071     52.240    118.890     40.750     37.820    -24.060     29.580
      7.086     52.830    118.580     41.110     36.870    -22.970     27.010
      7.100     53.400    118.270     41.450     35.020    -23.430     23.970
      7.114     53.950    117.960     41.760     33.530    -22.920     22.510
      7.129     54.500    117.660     42.070     34.030    -21.690     24.850
      7.143     55.060    117.370     42.390     33.320    -22.350     22.180
      7.157     55.590    117.050     42.680     32.500    -24.720     18.480
      7.171     56.130    116.720     42.970     33.190    -23.710     20.600
      7.186     56.670    116.390     43.260     31.920    -25.250     18.600
      7.200     57.190    116.060     43.530     31.970    -24.880     17.890
      7.214     57.720    115.730     43.830     33.360    -23.610     20.300
      7.229     58.260    115.390     44.120     32.740    -24.020     19.040
      7.243     58.770    115.050     44.410     31.430    -25.860     17.870
      7.257     59.280    114.680     44.690     30.590    -27.030     18.090
      7.271     59.790    114.320     44.980     32.150    -25.090     20.910
      7.286     60.310    113.960     45.310     32.330    -24.510     22.340
      7.300     60.810    113.600     45.640     31.590    -25.570     19.990
      7.314     61.310    113.240     45.950     31.240    -24.620     18.530
      7.329     61.820    112.880     46.270     33.010    -23.840     21.250
      7.343     62.320    112.510     46.600     31.570    -25.310     20.960
      7.357     62.810    112.140     46.930     31.800    -25.040     22.560
      7.371     63.300    111.770     47.300     33.200    -24.210     26.100
      7.386     63.800    111.400     47.690     33.260    -23.890     29.010
      7.400     64.300    111.030     48.090     32.500    -23.340     28.200
      7.414     64.780    110.670     48.480     32.310    -23.540     27.330
      7.429     65.260    110.300     48.880     31.390    -23.550     27.890
      7.443     65.730    109.940     49.280     29.940    -23.730     27.480
      7.457     66.180    109.570     49.660     28.530    -24.850     26.670
      7.471     66.620    109.200     50.050     29.830    -23.880     28.620
      7.486     67.070    108.850     50.440     29.950    -23.870     28.950
      7.500     67.510    108.490     50.810     29.190    -24.920     26.130
      7.514     67.940    108.120     51.170     29.080    -25.980     25.860
      7.529     68.370    107.740     51.520     30.220    -26.730     25.080
      7.543     68.790    107.360     51.870     30.980    -27.490     25.050
      7.557     69.220    106.970     52.200     31.440    -28.320     24.770
      7.571     69.640    106.570     52.530     29.470    -29.510     23.520
      7.586     70.040    106.170     52.840     28.490    -29.870     23.410
      7.600     70.440    105.780     53.150     27.740    -30.470     22.690
      7.614     70.820    105.380     53.450     27.540    -29.800     23.320
      7.629     71.220    105.000     53.780     30.690    -27.200     28.420
      7.643     71.620    104.640     54.120     29.770    -25.250     29.180
      7.657     72.010    104.290     54.460     29.080    -25.010     28.500
      7.671     72.400    103.950     54.790     29.400    -23.940     29.210
      7.686     72.780    103.620     55.120     29.100    -22.830     27.340
      7.700     73.160    103.300     55.430     28.460    -21.750     26.870
      7.714     73.540    103.000     55.740     29.220    -20.960     25.360
      7.729     73.920    102.710     56.020     29.660    -20.340     24.880
      7.743     74.290    102.420     56.320     28.820    -19.370     25.240
      7.757     74.670    102.140     56.590     28.040    -20.310     21.680
      7.771     75.030    101.860     56.830     27.460    -20.890     19.550
      7.786     75.400    101.580     57.070     27.560    -20.220     19.490
      7.800     75.770    101.310     57.300     27.110    -21.480     17.830
      7.814     76.140    101.040     57.520     26.690    -22.390     16.000
      7.829     76.510    100.760     57.730     27.830    -21.570     17.110
      7.843     76.900    100.510     57.950     29.550    -20.240     18.330
      7.857     77.300    100.260     58.180     30.700    -19.590     18.710
      7.871     77.710    100.020     58.400     30.460    -19.920     18.620
      7.886     78.130     99.780     58.630     30.750    -20.150     17.900
      7.900     78.550     99.540     58.850     31.080    -19.650     17.250
      7.914     78.980     99.310     59.070     31.350    -19.260     16.650
      7.929     79.420     99.090     59.290     33.630    -19.220     17.400
      7.943     79.880     98.860     59.540     35.420    -19.250     18.800
      7.957     80.350     98.640     59.790     36.200    -19.030     19.260
      7.971     80.830     98.410     60.050     36.820    -19.050     18.810
      7.986     81.320     98.190     60.310     38.220    -18.230     20.510
      8.000     81.830     97.980     60.600     38.650    -16.880     20.980
      8.014     82.330     97.770     60.880     37.430    -17.330     20.770
      8.029     82.820     97.560     61.180     36.390    -17.700     22.720
      8.043     83.320     97.350     61.490     36.320    -16.920     22.590
      8.057     83.820     97.140     61.810     37.470    -16.360     23.070
      8.071     84.330     96.930     62.140     36.960    -17.200     23.310
      8.086     84.840     96.720     62.460     37.640    -18.040     23.140
      8.100     85.360     96.500     62.800     37.700    -17.330     22.900
      8.114     85.880     96.270     63.130     38.120    -17.890     21.920
      8.129     86.400     96.040     63.470     38.750    -18.790     22.970
      8.143     86.940     95.800     63.820     38.600    -19.620     22.990
      8.157     87.470     95.560     64.170     38.170    -19.540     24.020
      8.171     88.000     95.310     64.530     38.180    -19.850     25.860
      8.186     88.540     95.060     64.930     39.680    -18.110     28.420
      8.200     89.090     94.820     65.340     39.370    -17.880     29.720
      8.214     89.640     94.580     65.770     39.840    -17.480     30.570
      8.229     90.190     94.340     66.210     39.670    -17.650     30.640
      8.243     90.750     94.110     66.660     40.140    -15.930     32.360
      8.257     91.320     93.880     67.130     40.760    -15.590     34.230
      8.271     91.880     93.650     67.610     40.480    -16.710     35.330
      8.286     92.460     93.410     68.100     41.350    -16.940     36.580
      8.300     93.030     93.170     68.600     41.270    -17.180     36.840
      8.314     93.600     92.910     69.100     40.590    -19.260     37.380
      8.329     94.170     92.640     69.590     40.630    -20.850     37.190
      8.343     94.740     92.360     70.090     41.080    -21.640     37.410
      8.357     95.310     92.060     70.580     39.470    -24.170     36.620
      8.371     95.860     91.740     71.070     38.450    -24.400     36.120
      8.386     96.410     91.430     71.570     38.210    -23.400     37.410
      8.400     96.960     91.120     72.060     37.530    -22.940     36.300
      8.414     97.510     90.810     72.540     37.770    -23.350     36.330
      8.429     98.050     90.500     73.030     36.440    -23.120     36.560
      8.443     98.580     90.190     73.500     35.920    -23.420     35.620
      8.457     99.110     89.870     73.980     35.480    -23.810     35.890
      8.471     99.620     89.560     74.440     34.280    -23.840     33.620
      8.486    100.130     89.230     74.880     34.130    -24.230     32.390
      8.500    100.640     88.900     75.320     34.320    -25.030     31.690
      8.514    101.150     88.570     75.740     34.540    -25.790     30.570
      8.529    101.660     88.230     76.160     34.370    -26.270     29.250
      8.543    102.170     87.880     76.560     33.770    -27.010     29.090
      8.557    102.670     87.520     76.960     32.770    -27.870     28.300
      8.571    103.160     87.160     77.360     31.740    -27.600     27.580
      8.586    103.640     86.800     77.750     31.980    -27.640     26.870
      8.600    104.130     86.440     78.130     33.080    -27.290     27.180
      8.614    104.620     86.080     78.520     33.440    -26.800     26.700
      8.629    105.120     85.730     78.900     34.380    -26.020     27.150
      8.643    105.610     85.380     79.290     33.650    -25.410     27.200
      8.657    106.100     85.030     79.680     33.390    -25.830     26.870
      8.671    106.590     84.670     80.060     33.080    -27.570     26.510
      8.686    107.060     84.300     80.430     32.310    -28.750     25.860
      8.700    107.530     83.910     80.800     31.210    -29.200     24.470
      8.714    108.000     83.530     81.160     30.660    -28.600     23.040
      8.729    108.450     83.150     81.500     29.240    -29.260     21.010
      8.743    108.880     82.750     81.820     27.760    -29.450     18.970
      8.757    109.310     82.360     82.130     27.090    -29.240     17.610
      8.771    109.730     81.970     82.430     26.990    -27.840     17.750
      8.786    110.160     81.590     82.720     27.760    -28.020     17.170
      8.800    110.580     81.210     83.020     28.220    -27.170     16.510
      8.814    111.020     80.830     83.300     29.100    -26.670     16.090
      8.829    111.460     80.450     83.600     30.270    -26.610     16.990
      8.843    111.900     80.080     83.890     30.900    -25.880     17.770
      8.857    112.350     79.700     84.190     32.020    -26.000     18.290
      8.871    112.810     79.320     84.500     32.120    -26.420     18.590
      8.886    113.270     78.940     84.800     33.090    -25.770     19.470
      8.900    113.740     78.560     85.120     33.880    -24.750     20.650
      8.914    114.220     78.190     85.440     33.690    -25.400     21.850
      8.929    114.690     77.810     85.770     33.020    -25.220     22.090
      8.943    115.150     77.430     86.090     32.510    -25.710     21.800
      8.957    115.610     77.050     86.410     31.780    -25.210     22.010
      8.971    116.050     76.670     86.720     30.680    -25.170     22.290
      8.986    116.490     76.290     87.040     31.140    -24.820     22.760
      9.000    116.940     75.920     87.360     31.300    -24.580     21.940
      9.014    117.370     75.550     87.670     29.970    -24.850     21.460
      9.029    117.790     75.170     87.960     30.530    -24.790     20.580
      9.043    118.220     74.810     88.250     29.830    -24.350     20.690
      9.057    118.640     74.440     88.540     29.750    -24.320     21.170
      9.071    119.050     74.090     88.830     29.480    -23.730     21.200
      9.086    119.460     73.730     89.110     28.340    -23.720     20.120
      9.100    119.860     73.380     89.380     28.900    -24.240     19.100
      9.114    120.270     73.020     89.640     29.520    -25.220     18.850
      9.129    120.680     72.660     89.900     30.050    -25.540     18.550
      9.143    121.090     72.280     90.150     30.300    -26.990     19.040
      9.157    121.510     71.910     90.410     30.500    -26.810     19.260
      9.171    121.930     71.540     90.670     30.990    -26.740     19.770
      9.186    122.350     71.180     90.940     31.810    -25.820     20.200
      9.200    122.770     70.820     91.200     30.900    -25.860     20.790
      9.214    123.180     70.450     91.480     31.560    -26.080     21.630
      9.229    123.600     70.090     91.760     30.810    -25.800     21.660
      9.243    124.020     69.730     92.040     31.650    -25.510     22.140
      9.257    124.450     69.380     92.330     32.490    -24.710     21.990
      9.271    124.870     69.030     92.610     31.690    -25.960     21.080
      9.286    125.300     68.670     92.890     31.970    -25.600     21.440
      9.300    125.730     68.320     93.170     32.740    -25.820     20.990
      9.314    126.150     67.970     93.450     31.610    -25.790     20.400
      9.329    126.570     67.610     93.730     32.430    -26.190     19.910
      9.343    126.990     67.250     94.010     32.120    -26.890     18.980
      9.357    127.410     66.890     94.270     30.440    -26.210     18.620
      9.371    127.810     66.530     94.550     29.810    -27.040     19.960
      9.386    128.210     66.170     94.830     29.270    -26.610     20.820
      9.400    128.610     65.810     95.110     29.260    -27.070     21.080
      9.414    129.000     65.450     95.400     28.400    -27.510     21.350
      9.429    129.380     65.090     95.700     26.900    -28.470     22.420
      9.443    129.770     64.730     96.010     27.720    -27.730     23.010
      9.457    130.150     64.370     96.330     27.070    -26.680     22.890
      9.471    130.530     64.030     96.650     26.970    -26.120     23.590
      9.486    130.920     63.690     96.980     26.840    -23.930     24.600
      9.500    131.300     63.370     97.310     26.360    -23.840     25.200
      9.514    131.680     63.050     97.650     26.360    -22.180     25.320
      9.529    132.070     62.740     98.000     27.350    -21.170     26.910
      9.543    132.460     62.460     98.360     27.280    -19.240     26.090
      9.557    132.860     62.180     98.710     26.720    -17.950     26.420
      9.571    133.250     61.920     99.060     26.910    -17.210     25.800
      9.586    133.640     61.670     99.420     26.590    -15.300     25.400
      9.600    134.040     61.440     99.770     27.540    -13.970     25.510
      9.614    134.440     61.210    100.130     27.140    -13.340     25.490
      9.629    134.840     61.000    100.490     27.650    -12.990     25.440
      9.643    135.250     60.790    100.860     28.930    -12.730     25.930
      9.657    135.680     60.580    101.230     30.000    -13.090     25.380
      9.671    136.110     60.370    101.600     30.020    -13.280     24.750
      9.686    136.540     60.160    101.970     31.110    -13.400     24.730
      9.700    136.990     59.950    102.340     31.720    -13.740     23.650
      9.714    137.430     59.740    102.700     30.740    -13.610     23.380
      9.729    137.870     59.520    103.070     31.520    -14.960     24.010
      9.743    138.320     59.300    103.440     31.240    -15.140     24.050
      9.757    138.770     59.080    103.810     31.380    -15.770     24.440
      9.771    139.230     58.850    104.180     32.140    -16.390     24.280
      9.786    139.700     58.610    104.550     32.240    -16.390     24.590
      9.800    140.170     58.380    104.930     32.670    -16.570     24.440
      9.814    140.640     58.140    105.300     32.910    -17.060     24.860
      9.829    141.120     57.900    105.680     33.680    -17.210     25.300
      9.843    141.620     57.660    106.070     34.990    -17.370     25.910
      9.857    142.120     57.420    106.460     35.280    -17.380     27.440
      9.871    142.630     57.180    106.860     35.450    -17.580     28.100
      9.886    143.140     56.930    107.270     36.350    -18.000     29.120
      9.900    143.650     56.690    107.680     36.880    -17.430     29.620
      9.914    144.170     56.440    108.100     37.100    -17.920     30.830
      9.929    144.680     56.190    108.520     37.170    -18.550     31.310
      9.943    145.200     55.930    108.960     37.620    -18.590     31.220
      9.957    145.710     55.670    109.380     37.630    -19.390     30.250
      9.971    146.230     55.390    109.800     37.710    -20.340     29.870
      9.986    146.740     55.120    110.220     37.560    -20.470     30.690
     10.000    147.250     54.840    110.650     37.480    -21.530     30.670
     10.014    147.760     54.550    111.080     36.770    -22.080     31.240
     10.029    148.260     54.250    111.510     36.180    -21.680     31.550
     10.043    148.750     53.960    111.950     35.740    -22.310     30.900
     10.057    149.250     53.660    112.380     36.110    -21.740     31.330
     10.071    149.740     53.360    112.820     36.430    -20.820     31.820
     10.086    150.230     53.070    113.260     35.710    -20.190     31.620
     10.100    150.710     52.780    113.700     34.640    -19.870     31.640
     10.114    151.180     52.490    114.150     34.460    -19.900     33.080
     10.129    151.640     52.200    114.620     33.170    -19.000     34.270
     10.143    152.100     51.920    115.090     32.170    -18.630     34.170
     10.157    152.540     51.630    115.560     31.090    -18.050     34.560
     10.171    152.970     51.350    116.030     31.030    -17.480     33.770
     10.186    153.390     51.080    116.490     30.870    -16.860     32.870
     10.200    153.820     50.800    116.950     31.100    -16.940     32.870
     10.214    154.240     50.520    117.410     31.640    -16.650     32.600
     10.229    154.670     50.230    117.860     32.650    -17.470     32.450
     10.243    155.090     49.940    118.300     31.690    -17.610     32.480
     10.257    155.510     49.650    118.750     30.600    -17.250     32.960
     10.271    155.920     49.360    119.190     31.930    -17.380     33.140
     10.286    156.340     49.060    119.630     32.210    -18.020     32.300
     10.300    156.760     48.770    120.050     32.580    -17.640     31.320
     10.314    157.180     48.470    120.460     32.640    -17.180     31.760
     10.329    157.610     48.190    120.870     33.740    -17.030     31.550
     10.343    158.030     47.900    121.270     33.250    -17.190     30.570
     10.357    158.460     47.610    121.650     34.070    -16.730     29.900
     10.371    158.890     47.320    122.020     33.530    -17.470     28.050
     10.386    159.320     47.020    122.360     33.300    -18.970     27.610
     10.400    159.740     46.710    122.700     32.440    -20.060     26.210
     10.414    160.170     46.390    123.010     32.930    -21.200     25.310
     10.429    160.600     46.070    123.320     32.980    -22.200     24.680
     10.443    161.020     45.740    123.610     32.200    -23.110     24.420
     10.457    161.450     45.400    123.910     32.160    -23.690     24.520
     10.471    161.880     45.060    124.200     32.160    -24.620     24.010
     10.486    162.310     44.710    124.490     31.590    -25.620     23.280
     10.500    162.730     44.350    124.760     29.790    -26.950     21.940
     10.514    163.140     43.980    125.020     30.450    -26.370     21.920
     10.529    163.570     43.620    125.290     31.160    -27.560     21.880
     10.543    163.990     43.240    125.540     30.710    -29.170     20.780
     10.557    164.410     42.850    125.790     30.290    -29.440     19.990
     10.571    164.830     42.450    126.020     30.320    -29.960     18.110
     10.586    165.250     42.060    126.240     30.980    -29.680     17.140
     10.600    165.690     41.670    126.460     31.610    -29.100     17.710
     10.614    166.120     41.280    126.690     31.660    -29.910     16.640
     10.629    166.550     40.890    126.910     32.070    -29.920     16.400
     10.643    166.990     40.510    127.130     31.700    -28.830     16.670
     10.657    167.420     40.120    127.360     30.930    -29.110     16.910
     10.671    167.850     39.740    127.590     31.050    -29.370     17.380
     10.686    168.280     39.360    127.830     30.600    -29.370     17.260
     10.700    168.710     38.980    128.070     30.150    -29.320     17.490
     10.714    169.140     38.610    128.310     30.120    -28.660     17.440
     10.729    169.560     38.240    128.560     29.530    -27.770     17.650
     10.743    169.970     37.880    128.830     27.770    -27.760     17.810
     10.757    170.370     37.520    129.090     26.480    -26.970     16.930
     10.771    170.760     37.180    129.360     25.830    -25.760     17.830
     10.786    171.150     36.840    129.640     25.610    -25.110     18.290
     10.800    171.540     36.510    129.930     25.790    -24.060     19.220
     10.814    171.930     36.190    130.230     26.410    -22.640     18.810
     10.829    172.320     35.880    130.530     25.510    -22.200     19.190
     10.843    172.710     35.580    130.850     26.340    -21.000     20.330
     10.857    173.110     35.290    131.170     26.630    -20.320     20.300
     10.871    173.510     35.010    131.500     26.330    -18.900     20.290
     10.886    173.910     34.740    131.840     27.670    -18.000     22.050
     10.900    174.320     34.490    132.190     29.110    -17.100     22.790
     10.914    174.750     34.230    132.550     29.490    -17.370     23.420
     10.929    175.180     33.970    132.930     30.980    -17.290     24.670
     10.943    175.630     33.700    133.320     30.770    -17.580     25.870
     10.957    176.080     33.440    133.730     32.240    -16.770     27.180
     10.971    176.540     33.170    134.140     32.220    -17.400     27.580
     10.986    177.000     32.900    134.550     31.990    -16.700     27.100
     11.000    177.460     32.640    134.960     33.010    -16.280     27.480
     11.014    177.940     32.370    135.370     33.600    -16.040     28.820
     11.029    178.410     32.110    135.790     32.980    -16.640     28.690
     11.043    178.870     31.830    136.210     32.310    -18.610     28.340
     11.057    179.340     31.530    136.620     31.560    -19.360     28.080
     11.071    179.790     31.220    137.030     29.950    -20.540     27.530
     11.086    180.240     30.910    137.430     29.890    -21.400     26.270
     11.100    180.680     30.590    137.820     29.520    -21.290     27.510
     11.114    181.120     30.260    138.220     28.590    -21.420     27.350
     11.129    181.560     29.930    138.610     29.230    -21.530     27.380
     11.143    182.000     29.600    139.000     29.800    -22.120     27.700
     11.157    182.440     29.270    139.380     29.840    -21.920     27.760
     11.171    182.890     28.940    139.770     29.990    -21.920     28.490
     11.186    183.340     28.610    140.160     29.940    -22.190     27.340
     11.200    183.780     28.280    140.540     30.190    -22.880     28.500
     11.214    184.230     27.950    140.930     30.900    -22.430     28.430
     11.229    184.680     27.620    141.320     30.350    -22.670     28.740
     11.243    185.120     27.300    141.700     29.710    -21.760     28.130
     11.257    185.550     26.990    142.080     28.810    -20.610     27.780
     11.271    185.980     26.680    142.460     28.590    -20.380     27.320
     11.286    186.410     26.390    142.840     28.510    -19.930     27.470
     11.300    186.830     26.100    143.220     28.760    -19.020     26.760
     11.314    187.260     25.810    143.590     28.980    -20.310     26.660
     11.329    187.690     25.520    143.960     28.920    -21.350     26.410
     11.343    188.110     25.220    144.340     29.310    -21.060     26.130
     11.357    188.540     24.940    144.710     29.880    -21.270     26.210
     11.371    188.980     24.650    145.090     30.650    -21.300     27.310
     11.386    189.420     24.360    145.470     30.150    -21.380     26.730
     11.400    189.860     24.080    145.850     30.630    -21.330     26.890
     11.414    190.300     23.800    146.240     31.130    -20.720     27.020
     11.429    190.750     23.540    146.630     30.760    -19.670     25.970
     11.429    190.750     23.540    146.630     30.760    -19.680     25.970
