#         t          x          y          z         vx         vy         vz
      0.000   -377.740    611.480   -284.630     73.930    -72.190     48.920
      0.014   -376.680    610.440   -283.930     74.850    -73.730     50.460
      0.029   -375.620    609.400   -283.220     74.290    -75.060     52.190
      0.043   -374.570    608.350   -282.500     73.290    -74.910     52.370
      0.057   -373.520    607.300   -281.790     72.990    -74.560     52.300
      0.071   -372.470    606.250   -281.080     73.480    -75.330     51.440
      0.086   -371.410    605.190   -280.380     73.220    -76.160     51.960
      0.100   -370.350    604.120   -279.670     72.660    -76.500     52.140
      0.114   -369.290    603.040   -278.960     72.700    -76.610     52.020
      0.129   -368.230    601.970   -278.250     73.260    -76.380     50.970
      0.143   -367.160    600.890   -277.560     74.440    -76.860     50.800
      0.157   -366.080    599.800   -276.850     75.060    -77.380     51.720
      0.171   -365.000    598.710   -276.140     75.130    -78.010     52.710
      0.186   -363.930    597.620   -275.430     74.610    -77.760     52.880
      0.200   -362.860    596.520   -274.710     74.650    -77.240     52.360
      0.214   -361.780    595.430   -274.000     74.890    -77.790     51.530
      0.229   -360.720    594.330   -273.290     74.680    -78.110     51.470
      0.243   -359.650    593.230   -272.590     73.710    -78.160     50.680
      0.257   -358.590    592.130   -271.900     73.890    -78.160     50.420
      0.271   -357.530    591.020   -271.200     73.520    -78.720     51.270
      0.286   -356.470    589.900   -270.500     71.730    -80.380     51.240
      0.300   -355.420    588.760   -269.800     71.220    -79.910     50.500
      0.314   -354.360    587.620   -269.100     71.630    -79.620     49.710
      0.329   -353.310    586.470   -268.400     71.500    -80.090     49.420
      0.343   -352.260    585.320   -267.710     71.750    -80.950     49.380
      0.357   -351.210    584.150   -267.020     70.920    -82.080     49.730
      0.371   -350.180    582.980   -266.320     70.250    -82.580     50.130
      0.386   -349.150    581.810   -265.630     69.320    -82.180     49.890
      0.400   -348.130    580.630   -264.940     68.400    -82.360     49.460
      0.414   -347.120    579.450   -264.250     68.370    -81.630     49.070
      0.429   -346.120    578.260   -263.560     67.950    -82.190     46.520
      0.443   -345.120    577.070   -262.890     67.560    -82.190     45.490
      0.457   -344.140    575.870   -262.210     67.130    -82.360     44.540
      0.471   -343.160    574.670   -261.540     67.920    -82.690     44.260
      0.486   -342.180    573.460   -260.860     68.700    -83.140     45.110
      0.500   -341.210    572.250   -260.180     67.880    -84.000     45.260
      0.514   -340.240    571.030   -259.500     67.240    -83.400     46.170
      0.529   -339.290    569.820   -258.810     66.370    -82.810     45.440
      0.543   -338.340    568.620   -258.130     65.650    -82.930     44.590
      0.557   -337.400    567.400   -257.460     66.180    -83.320     44.560
      0.571   -336.460    566.190   -256.780     65.910    -83.460     45.130
      0.586   -335.540    564.980   -256.100     65.220    -83.770     45.490
      0.600   -334.630    563.770   -255.430     64.550    -83.560     45.170
      0.614   -333.720    562.560   -254.770     64.260    -83.220     45.090
      0.629   -332.830    561.370   -254.110     63.170    -83.040     44.420
      0.643   -331.960    560.180   -253.450     62.610    -83.260     44.530
      0.657   -331.100    558.990   -252.810     61.100    -83.100     43.920
      0.671   -330.250    557.810   -252.170     60.990    -82.320     43.440
      0.686   -329.410    556.640   -251.540     60.530    -82.150     42.680
      0.700   -328.580    555.470   -250.920     59.040    -82.170     43.480
      0.714   -327.760    554.310   -250.300     57.940    -81.900     43.650
      0.729   -326.960    553.150   -249.690     57.280    -82.390     43.250
      0.743   -326.160    551.980   -249.080     56.370    -81.830     42.860
      0.757   -325.370    550.830   -248.470     54.900    -81.230     42.920
      0.771   -324.590    549.680   -247.870     53.990    -80.920     42.700
      0.786   -323.820    548.530   -247.270     52.620    -80.640     43.290
      0.800   -323.070    547.390   -246.670     50.920    -80.140     43.290
      0.814   -322.340    546.260   -246.080     49.420    -79.240     42.650
      0.829   -321.610    545.140   -245.500     48.390    -77.670     42.750
      0.843   -320.900    544.040   -244.920     46.340    -76.870     42.350
      0.857   -320.200    542.950   -244.340     45.670    -75.220     41.840
      0.871   -319.510    541.870   -243.770     45.350    -74.100     40.810
      0.886   -318.830    540.810   -243.200     45.170    -73.260     40.170
      0.900   -318.150    539.740   -242.630     45.970    -72.980     39.880
      0.914   -317.470    538.690   -242.050     46.350    -72.470     40.110
      0.929   -316.790    537.650   -241.470     45.950    -72.110     40.230
      0.943   -316.130    536.610   -240.870     45.750    -71.030     41.040
      0.957   -315.470    535.590   -240.270     45.290    -70.690     41.410
      0.971   -314.820    534.560   -239.660     45.100    -70.150     41.790
      0.986   -314.160    533.550   -239.040     45.750    -68.960     43.090
      1.000   -313.500    532.550   -238.410     45.080    -68.830     43.260
      1.014   -312.850    531.560   -237.780     44.370    -68.560     43.630
      1.029   -312.200    530.570   -237.140     43.530    -68.250     45.300
      1.043   -311.570    529.590   -236.480     43.010    -68.030     46.730
      1.057   -310.930    528.620   -235.820     43.140    -66.810     47.990
      1.071   -310.290    527.670   -235.140     43.180    -66.150     49.060
      1.086   -309.650    526.720   -234.450     43.270    -65.340     49.250
      1.100   -309.010    525.780   -233.760     43.810    -64.680     49.910
      1.114   -308.360    524.850   -233.050     44.510    -63.960     49.790
      1.129   -307.710    523.920   -232.330     45.420    -63.980     49.620
      1.143   -307.060    522.990   -231.620     45.500    -64.160     49.850
      1.157   -306.410    522.070   -230.890     45.550    -64.190     50.250
      1.171   -305.760    521.160   -230.160     46.500    -63.720     50.600
      1.186   -305.100    520.250   -229.420     47.540    -63.800     52.270
      1.200   -304.430    519.350   -228.660     47.580    -63.320     54.260
      1.214   -303.760    518.460   -227.890     47.950    -63.600     55.190
      1.229   -303.090    517.560   -227.110     47.230    -63.390     56.090
      1.243   -302.420    516.670   -226.320     47.230    -62.980     56.430
      1.257   -301.740    515.780   -225.530     47.450    -63.210     57.040
      1.271   -301.060    514.890   -224.730     46.830    -62.500     57.670
      1.286   -300.380    514.010   -223.910     47.580    -61.260     57.700
      1.300   -299.680    513.140   -223.110     48.430    -60.930     56.990
      1.314   -298.980    512.270   -222.300     49.990    -61.050     57.680
      1.329   -298.250    511.410   -221.480     50.890    -60.240     58.840
      1.343   -297.520    510.560   -220.660     51.380    -60.620     59.030
      1.357   -296.780    509.690   -219.830     52.340    -61.140     59.430
      1.371   -296.030    508.820   -218.990     52.690    -62.340     59.860
      1.386   -295.270    507.940   -218.140     53.300    -62.640     60.540
      1.400   -294.510    507.060   -217.290     54.190    -62.540     61.030
      1.414   -293.740    506.180   -216.430     54.480    -62.780     62.010
      1.429   -292.960    505.290   -215.550     55.050    -63.260     63.010
      1.443   -292.170    504.400   -214.670     56.040    -63.080     63.850
      1.457   -291.370    503.510   -213.770     55.920    -63.290     64.650
      1.471   -290.560    502.620   -212.880     56.860    -62.660     64.100
      1.486   -289.730    501.730   -211.980     58.000    -62.780     63.620
      1.500   -288.890    500.840   -211.090     58.460    -62.870     63.080
      1.514   -288.050    499.940   -210.190     58.540    -62.880     62.960
      1.529   -287.210    499.040   -209.290     58.680    -62.380     63.130
      1.543   -286.360    498.150   -208.380     59.170    -62.230     63.900
      1.557   -285.500    497.250   -207.470     60.150    -63.040     64.500
      1.571   -284.640    496.340   -206.550     60.580    -63.550     64.310
      1.586   -283.760    495.440   -205.630     61.860    -63.220     64.030
      1.600   -282.870    494.520   -204.710     62.170    -63.840     64.390
      1.614   -281.980    493.610   -203.780     62.240    -64.050     64.810
      1.629   -281.080    492.680   -202.840     63.230    -64.410     64.760
      1.643   -280.170    491.750   -201.900     64.570    -64.580     64.870
      1.657   -279.250    490.820   -200.950     65.530    -65.330     65.260
      1.671   -278.330    489.870   -200.000     66.110    -65.730     65.490
      1.686   -277.390    488.930   -199.030     67.390    -66.680     65.940
      1.700   -276.460    487.970   -198.060     68.430    -67.250     65.820
      1.714   -275.500    487.010   -197.090     70.210    -67.950     66.470
      1.729   -274.530    486.040   -196.110     71.050    -68.140     66.910
      1.743   -273.560    485.070   -195.130     71.830    -68.660     67.260
      1.757   -272.570    484.100   -194.150     72.790    -69.680     67.820
      1.771   -271.580    483.120   -193.160     73.780    -69.540     67.720
      1.786   -270.570    482.140   -192.180     74.280    -69.190     68.460
      1.800   -269.550    481.170   -191.190     74.520    -69.560     69.050
      1.814   -268.530    480.180   -190.200     74.600    -70.390     69.020
      1.829   -267.500    479.200   -189.220     75.590    -70.260     69.130
      1.843   -266.460    478.210   -188.230     75.650    -70.470     69.470
      1.857   -265.420    477.220   -187.240     75.650    -70.430     69.710
      1.871   -264.360    476.220   -186.260     77.150    -70.780     70.220
      1.886   -263.280    475.230   -185.260     78.130    -70.860     70.990
      1.900   -262.200    474.230   -184.260     78.210    -71.690     71.460
      1.914   -261.120    473.220   -183.260     78.270    -72.140     72.030
      1.929   -260.030    472.210   -182.250     78.780    -73.040     71.770
      1.943   -258.930    471.190   -181.250     78.830    -73.230     71.900
      1.957   -257.830    470.170   -180.250     79.070    -73.150     72.130
      1.971   -256.720    469.140   -179.240     78.860    -74.040     71.930
      1.986   -255.600    468.100   -178.240     78.820    -74.330     71.400
      2.000   -254.480    467.060   -177.240     78.510    -73.560     71.310
      2.014   -253.360    466.010   -176.240     79.480    -74.230     70.990
      2.029   -252.210    464.950   -175.230     80.450    -75.900     71.110
      2.043   -251.060    463.870   -174.220     80.640    -76.640     71.350
      2.057   -249.910    462.780   -173.210     81.490    -77.470     71.750
      2.071   -248.740    461.690   -172.180     82.630    -77.760     72.120
      2.086   -247.560    460.580   -171.160     82.930    -78.260     71.920
      2.100   -246.370    459.460   -170.130     83.610    -78.700     72.370
      2.114   -245.170    458.340   -169.090     83.940    -79.180     72.380
      2.129   -243.960    457.210   -168.050     84.680    -79.430     72.860
      2.143   -242.750    456.070   -167.010     84.530    -79.930     73.140
      2.157   -241.540    454.920   -165.970     84.880    -80.390     73.290
      2.171   -240.310    453.760   -164.920     85.710    -81.100     74.030
      2.186   -239.080    452.590   -163.870     86.270    -81.650     73.390
      2.200   -237.840    451.420   -162.810     86.940    -82.260     73.330
      2.214   -236.590    450.230   -161.760     87.150    -82.070     73.080
      2.229   -235.350    449.050   -160.700     87.310    -81.770     73.520
      2.243   -234.100    447.870   -159.630     87.930    -81.870     72.970
      2.257   -232.850    446.680   -158.570     88.880    -82.210     72.800
      2.271   -231.590    445.480   -157.500     89.590    -83.090     73.110
      2.286   -230.330    444.270   -156.430     89.720    -83.660     72.840
      2.300   -229.070    443.060   -155.350     90.380    -84.550     72.740
      2.314   -227.810    441.840   -154.280     91.120    -84.600     72.500
      2.329   -226.540    440.620   -153.210     91.760    -85.300     72.120
      2.343   -225.260    439.390   -152.150     92.020    -86.100     72.450
      2.357   -223.980    438.150   -151.080     92.240    -87.420     72.380
      2.371   -222.700    436.900   -150.020     91.780    -88.340     72.700
      2.386   -221.430    435.630   -148.950     90.630    -89.940     72.920
      2.400   -220.160    434.350   -147.890     89.270    -90.520     72.930
      2.414   -218.900    433.060   -146.830     89.100    -90.940     72.550
      2.429   -217.630    431.770   -145.770     88.910    -91.470     72.160
      2.443   -216.360    430.460   -144.720     89.400    -91.490     72.180
      2.457   -215.090    429.150   -143.670     89.240    -92.060     72.210
      2.471   -213.810    427.830   -142.610     89.800    -92.740     72.540
      2.486   -212.530    426.490   -141.550     90.110    -93.420     72.440
      2.500   -211.250    425.150   -140.490     90.480    -93.990     72.590
      2.514   -209.960    423.800   -139.430     91.370    -94.810     72.430
      2.529   -208.660    422.430   -138.370     92.250    -95.920     73.160
      2.543   -207.350    421.060   -137.300     92.780    -96.530     74.320
      2.557   -206.040    419.680   -136.230     92.540    -96.550     74.500
      2.571   -204.730    418.290   -135.160     92.360    -96.740     73.750
      2.586   -203.420    416.900   -134.090     92.330    -96.960     73.200
      2.600   -202.110    415.510   -133.030     92.870    -97.480     73.270
      2.614   -200.790    414.110   -131.960     92.790    -97.800     73.780
      2.629   -199.470    412.700   -130.890     92.330    -97.410     74.070
      2.643   -198.150    411.300   -129.820     92.060    -97.240     73.960
      2.657   -196.830    409.890   -128.740     92.580    -97.340     74.060
      2.671   -195.500    408.480   -127.660     92.910    -97.170     74.290
      2.686   -194.170    407.070   -126.590     92.920    -97.420     73.690
      2.700   -192.830    405.660   -125.510     92.710    -97.390     73.880
      2.714   -191.500    404.240   -124.440     93.030    -98.380     73.000
      2.729   -190.150    402.800   -123.380     94.330    -99.390     73.270
      2.743   -188.790    401.360   -122.310     95.420    -99.880     74.190
      2.757   -187.420    399.920   -121.230     95.480   -100.460     74.750
      2.771   -186.060    398.460   -120.140     94.900   -101.280     75.540
      2.786   -184.690    397.000   -119.050     94.960   -101.630     75.630
      2.800   -183.320    395.530   -117.960     94.940   -101.810     76.200
      2.814   -181.950    394.060   -116.860     94.890   -102.130     76.640
      2.829   -180.580    392.580   -115.750     94.780   -102.390     76.990
      2.843   -179.200    391.090   -114.640     94.810   -103.500     76.940
      2.857   -177.820    389.590   -113.530     95.480   -104.310     78.060
      2.871   -176.430    388.080   -112.400     96.010   -104.690     78.680
      2.886   -175.040    386.560   -111.270     95.230   -105.160     78.590
      2.900   -173.650    385.030   -110.140     95.600   -105.350     78.230
      2.914   -172.250    383.490   -109.010     95.420   -105.610     77.760
      2.929   -170.860    381.950   -107.880     95.760   -105.950     77.270
      2.943   -169.460    380.400   -106.740     96.010   -106.460     78.020
      2.957   -168.070    378.840   -105.610     96.340   -108.140     78.110
      2.971   -166.660    377.260   -104.460     96.440   -109.160     78.540
      2.986   -165.260    375.670   -103.320     96.130   -109.870     79.100
      3.000   -163.850    374.060   -102.170     96.290   -111.210     79.460
      3.014   -162.450    372.450   -101.010     96.600   -112.040     80.620
      3.029   -161.030    370.820    -99.840     96.780   -112.930     81.220
      3.043   -159.610    369.180    -98.670     97.060   -113.230     81.770
      3.057   -158.180    367.540    -97.500     98.300   -113.540     81.900
      3.071   -156.740    365.890    -96.320     99.510   -113.780     81.710
      3.086   -155.280    364.230    -95.130    101.050   -114.440     82.150
      3.100   -153.820    362.560    -93.940    101.140   -115.140     82.640
      3.114   -152.360    360.880    -92.750    101.880   -115.610     82.640
      3.129   -150.890    359.190    -91.540    101.960   -116.970     83.320
      3.143   -149.420    357.480    -90.340    101.950   -118.570     83.320
      3.157   -147.940    355.760    -89.130    102.570   -119.380     83.980
      3.171   -146.470    354.030    -87.920    102.530   -119.940     83.920
      3.186   -144.980    352.280    -86.710    102.370   -121.080     84.970
      3.200   -143.500    350.520    -85.490    101.910   -121.230     84.100
      3.214   -142.020    348.760    -84.280    102.830   -122.340     84.210
      3.229   -140.520    346.970    -83.060    102.880   -123.710     85.850
      3.243   -139.030    345.170    -81.830    103.330   -125.140     86.400
      3.257   -137.530    343.350    -80.580    103.810   -126.470     87.100
      3.271   -136.020    341.520    -79.330    104.530   -127.470     87.650
      3.286   -134.500    339.660    -78.070    105.520   -129.100     87.850
      3.300   -132.980    337.790    -76.810    106.260   -131.210     88.510
      3.314   -131.450    335.890    -75.540    107.120   -133.020     89.580
      3.329   -129.910    333.970    -74.260    107.900   -133.740     88.950
      3.343   -128.360    332.050    -72.990    108.790   -134.700     89.210
      3.357   -126.800    330.110    -71.710    110.440   -135.790     89.660
      3.371   -125.220    328.150    -70.430    111.510   -137.600     89.870
      3.386   -123.630    326.170    -69.160    112.250   -138.710     89.950
      3.400   -122.030    324.180    -67.880    113.480   -140.820     89.340
      3.414   -120.410    322.160    -66.620    113.860   -142.250     88.730
      3.429   -118.790    320.120    -65.370    113.910   -144.350     88.020
      3.443   -117.160    318.040    -64.120    115.170   -146.550     88.480
      3.457   -115.520    315.950    -62.870    115.650   -148.610     88.190
      3.471   -113.870    313.820    -61.630    116.600   -151.530     87.410
      3.486   -112.210    311.650    -60.390    116.910   -154.860     87.890
      3.500   -110.550    309.440    -59.160    117.380   -157.870     88.130
      3.514   -108.880    307.200    -57.920    116.830   -161.200     88.970
      3.529   -107.200    304.910    -56.690    117.280   -163.750     89.490
      3.543   -105.510    302.600    -55.450    118.040   -165.880     89.700
      3.557   -103.810    300.250    -54.220    118.650   -168.480     89.820
      3.571   -102.100    297.860    -52.990    118.440   -170.760     90.840
      3.586   -100.380    295.440    -51.760    118.180   -172.750     90.030
      3.600    -98.660    292.980    -50.540    119.290   -174.940     89.330
      3.614    -96.920    290.480    -49.330    119.480   -177.770     88.100
      3.629    -95.160    287.940    -48.130    120.900   -180.560     87.600
      3.643    -93.400    285.350    -46.930    121.760   -183.080     86.430
      3.657    -91.620    282.710    -45.750    122.810   -186.320     85.150
      3.671    -89.830    280.030    -44.580    123.190   -189.240     84.110
      3.686    -88.030    277.300    -43.420    124.400   -192.830     83.340
      3.700    -86.220    274.510    -42.260    124.610   -196.940     82.730
      3.714    -84.410    271.660    -41.120    124.800   -201.010     81.540
      3.729    -82.590    268.760    -39.990    125.080   -205.340     80.130
      3.743    -80.770    265.790    -38.870    125.280   -209.400     79.350
      3.757    -78.950    262.750    -37.770    125.810   -215.600     77.230
      3.771    -77.130    259.620    -36.700    125.510   -221.930     74.580
      3.786    -75.320    256.420    -35.650    125.470   -227.840     72.900
      3.800    -73.520    253.130    -34.620    125.410   -233.680     70.480
      3.814    -71.720    249.760    -33.630    125.110   -239.730     67.460
      3.829    -69.940    246.290    -32.680    124.920   -246.260     63.300
      3.843    -68.170    242.740    -31.780    124.800   -253.100     59.400
      3.857    -66.420    239.080    -30.950    123.320   -260.720     54.090
      3.871    -64.700    235.320    -30.190    121.050   -269.610     48.310
      3.886    -63.030    231.430    -29.520    117.200   -278.440     42.440
      3.900    -61.420    227.440    -28.950    111.800   -286.080     34.210
      3.914    -59.890    223.340    -28.510    104.890   -293.590     24.240
      3.929    -58.460    219.140    -28.220     96.450   -299.160     12.240
      3.943    -57.160    214.870    -28.090     86.520   -303.590     -1.170
      3.957    -56.000    210.550    -28.160     75.360   -304.170    -15.610
      3.971    -55.010    206.240    -28.430     63.610   -300.810    -29.930
      3.986    -54.190    201.990    -28.890     52.540   -294.320    -42.260
      4.000    -53.530    197.840    -29.530     42.590   -285.910    -52.340
      4.014    -53.020    193.830    -30.290     33.210   -276.110    -59.460
      4.029    -52.620    189.960    -31.160     25.550   -264.980    -64.420
      4.043    -52.320    186.270    -32.090     20.070   -252.650    -67.290
      4.057    -52.090    182.730    -33.060     15.590   -241.180    -68.330
      4.071    -51.900    179.350    -34.040     13.370   -229.610    -68.150
      4.086    -51.740    176.120    -35.010     12.410   -218.940    -67.700
      4.100    -51.600    173.020    -35.980     12.270   -208.890    -66.630
      4.114    -51.460    170.060    -36.920     12.660   -199.640    -64.870
      4.129    -51.310    167.210    -37.820     13.830   -192.600    -62.010
      4.143    -51.160    164.460    -38.690     15.570   -185.060    -58.970
      4.157    -50.990    161.830    -39.520     17.120   -177.570    -55.990
      4.171    -50.800    159.310    -40.320     17.780   -171.340    -52.260
      4.186    -49.970    157.910    -42.280     23.140   -168.270    -48.250
      4.200    -49.730    155.580    -42.970     23.950   -163.610    -45.340
      4.214    -49.480    153.320    -43.610     24.410   -158.430    -41.690
      4.229    -49.220    151.130    -44.190     25.100   -153.690    -37.550
      4.243    -48.940    149.010    -44.710     25.930   -148.950    -34.440
      4.257    -48.650    146.930    -45.190     25.840   -145.000    -32.440
      4.271    -48.360    144.890    -45.640     25.990   -141.050    -29.490
      4.286    -48.060    142.920    -46.030     25.960   -135.970    -26.150
      4.300    -47.770    141.020    -46.340     26.250   -131.340    -23.910
      4.314    -47.480    139.170    -46.640     26.860   -127.700    -22.090
      4.329    -47.210    137.370    -46.880     26.630   -123.790    -19.250
      4.343    -46.940    135.640    -47.070     27.000   -119.650    -16.700
      4.357    -46.680    133.960    -47.240     26.510   -116.130    -15.200
      4.371    -46.440    132.350    -47.400     25.480   -112.080    -13.750
      4.386    -46.220    130.780    -47.560     24.490   -109.190    -12.670
      4.400    -46.000    129.250    -47.700     24.050   -106.370    -10.480
      4.414    -45.780    127.760    -47.820     23.560   -103.120     -8.330
      4.429    -45.580    126.330    -47.900     22.420    -99.450     -6.050
      4.443    -45.380    124.950    -47.980     22.320    -96.560     -5.400
      4.457    -45.160    123.610    -48.040     22.620    -92.870     -4.180
      4.471    -44.960    122.340    -48.110     22.570    -89.220     -2.720
      4.486    -44.720    121.110    -48.140     22.850    -86.060     -2.040
      4.500    -44.470    119.910    -48.190     22.890    -83.380     -1.260
      4.514    -44.220    118.760    -48.230     22.680    -80.640     -0.740
      4.529    -43.980    117.630    -48.250     21.240    -77.870      0.520
      4.543    -43.750    116.530    -48.260     21.300    -75.380      1.180
      4.557    -43.490    115.470    -48.240     21.560    -72.390      2.440
      4.571    -43.240    114.450    -48.190     20.680    -68.110      3.850
      4.586    -42.760    112.330    -47.150     15.750    -63.710      5.070
      4.600    -42.540    111.420    -47.070     15.610    -61.560      6.200
      4.614    -42.330    110.560    -46.970     15.260    -58.800      7.120
      4.629    -42.110    109.730    -46.860     15.390    -56.740      8.320
      4.643    -41.890    108.940    -46.740     15.000    -54.320      9.350
      4.657    -41.680    108.180    -46.600     14.690    -52.670     11.040
      4.671    -41.470    107.440    -46.450     14.640    -50.900     11.440
      4.686    -41.270    106.740    -46.290     14.030    -48.500     12.270
      4.700    -41.060    106.070    -46.140     14.550    -46.340     12.650
      4.714    -40.850    105.440    -45.970     14.210    -44.160     14.210
      4.729    -40.630    104.840    -45.790     14.940    -41.570     14.320
      4.743    -40.420    104.280    -45.600     14.580    -38.600     14.510
      4.757    -40.200    103.750    -45.410     14.490    -36.300     14.210
      4.771    -39.990    103.260    -45.220     14.080    -33.740     13.760
      4.786    -39.780    102.800    -45.030     14.240    -31.900     14.100
      4.800    -39.580    102.370    -44.830     14.750    -30.140     14.520
      4.814    -39.370    101.970    -44.620     14.900    -27.830     15.110
      4.829    -39.150    101.600    -44.410     15.270    -25.660     15.770
      4.843    -38.930    101.270    -44.190     15.670    -23.140     16.320
      4.857    -38.710    100.960    -43.960     15.840    -21.380     17.160
      4.871    -38.490    100.690    -43.730     15.660    -19.330     17.340
      4.886    -38.260    100.440    -43.500     15.900    -17.310     16.770
      4.900    -38.020    100.220    -43.270     16.570    -15.170     16.630
      4.914    -37.780    100.020    -43.040     16.580    -12.900     17.400
      4.929    -37.540     99.860    -42.800     17.240    -11.450     17.650
      4.943    -37.280     99.710    -42.560     18.170    -10.150     18.400
      4.957    -37.020     99.590    -42.310     18.240     -8.280     18.930
      4.971    -36.760     99.490    -42.060     17.730     -6.860     19.690
      4.986    -36.500     99.410    -41.800     18.580     -4.980     21.130
      5.000    -36.220     99.370    -41.530     18.860     -3.420     21.500
      5.014    -35.940     99.340    -41.250     19.330     -1.550     22.620
      5.029    -35.650     99.340    -40.970     19.650      0.120     23.100
      5.043    -35.350     99.370    -40.670     19.650      1.860     23.440
      5.057    -35.050     99.410    -40.370     19.660      2.640     24.090
      5.071    -34.740     99.470    -40.050     20.220      5.030     25.170
      5.086    -34.420     99.560    -39.720     21.060      6.760     25.810
      5.100    -34.090     99.670    -39.380     21.940      8.270     26.710
      5.114    -33.750     99.800    -39.020     22.520     10.150     27.050
      5.129    -33.410     99.960    -38.650     22.480     12.010     27.880
      5.143    -33.070    100.140    -38.270     23.400     13.710     28.770
      5.157    -32.720    100.350    -37.880     24.440     15.070     29.670
      5.171    -32.360    100.570    -37.470     25.140     16.800     30.840
      5.186    -32.000    100.820    -37.050     25.530     17.410     31.820
      5.200    -31.640    101.080    -36.620     25.510     18.390     32.850
      5.214    -31.270    101.360    -36.170     25.640     19.370     33.800
      5.229    -30.900    101.660    -35.710     26.340     20.770     34.910
      5.243    -30.520    101.980    -35.230     26.480     22.880     36.050
      5.257    -30.140    102.330    -34.750     26.670     24.770     36.940
      5.271    -29.750    102.710    -34.250     27.130     26.360     37.620
      5.286    -29.350    103.100    -33.750     27.010     28.470     37.940
      5.300    -28.950    103.530    -33.240     27.870     30.490     38.560
      5.314    -28.530    103.990    -32.720     29.350     33.050     39.170
      5.329    -28.100    104.470    -32.200     29.740     34.710     39.410
      5.343    -27.660    104.980    -31.660     30.010     36.380     40.270
      5.357    -27.220    105.510    -31.100     30.120     38.010     41.440
      5.371    -26.770    106.060    -30.530     31.380     39.820     41.730
      5.386    -26.310    106.640    -29.940     32.670     41.990     43.010
      5.400    -25.850    107.260    -29.330     33.580     43.500     44.620
      5.414    -25.380    107.890    -28.710     34.200     45.290     45.720
      5.429    -24.900    108.560    -28.060     34.410     46.630     46.730
      5.443    -24.430    109.240    -27.410     35.430     47.650     47.230
      5.457    -23.940    109.960    -26.740     36.500     49.820     48.190
      5.471    -23.440    110.700    -26.050     36.880     51.380     48.660
      5.486    -22.940    111.470    -25.360     37.500     54.090     49.280
      5.500    -22.430    112.280    -24.650     38.530     56.130     51.200
      5.514    -21.910    113.120    -23.910     39.200     58.690     53.610
      5.529    -21.380    114.000    -23.150     40.000     61.920     54.870
      5.543    -20.840    114.920    -22.380     41.180     64.350     56.010
      5.557    -20.290    115.880    -21.590     42.150     67.360     57.510
      5.571    -19.720    116.870    -20.780     42.870     69.770     58.970
      5.586    -19.140    117.920    -19.950     44.140     73.880     60.490
      5.600    -18.550    119.010    -19.100     45.270     77.400     62.360
      5.614    -17.940    120.150    -18.220     46.330     80.640     64.670
      5.629    -17.310    121.350    -17.320     47.540     83.610     67.320
      5.643    -16.660    122.580    -16.390     48.760     86.560     69.180
      5.657    -15.990    123.860    -15.440     50.370     90.360     70.440
      5.671    -15.290    125.200    -14.450     52.420     94.640     72.680
      5.686    -14.560    126.600    -13.440     54.190    100.050     75.000
      5.700    -13.790    128.070    -12.380     57.250    105.050     77.700
      5.714    -12.990    129.600    -11.290     60.730    110.370     79.560
      5.729    -12.130    131.220    -10.160     63.660    117.460     82.440
      5.743    -11.240    132.930     -8.980     66.710    124.040     86.190
      5.757    -10.300    134.720     -7.740     70.780    131.240     90.870
      5.771     -9.300    136.620     -6.430     75.210    138.760     95.290
      5.786     -8.240    138.630     -5.070     80.930    146.950     99.580
      5.800     -7.090    140.760     -3.630     89.440    157.030    105.320
      5.814     -5.820    143.030     -2.100    101.300    169.470    114.390
      5.829     -4.380    145.480     -0.450    119.120    184.750    126.340
      5.843     -2.670    148.140      1.370    153.670    198.880    143.110
      5.857     -0.420    150.700      3.260    196.050    148.270    134.570
      5.871      2.050    152.610      4.870    184.730     96.180    111.520
      5.886      4.410    154.060      6.210    164.490     67.310     94.560
      5.900      6.610    155.190      7.350    145.750     48.390     80.910
      5.914      8.640    156.080      8.330    131.540     32.980     71.220
      5.929     10.500    156.770      9.180    120.110     19.740     63.700
      5.943     12.200    157.280      9.920    109.530      9.210     58.590
      5.957     13.750    157.640     10.570     96.880      1.830     54.310
      5.971     15.160    157.850     11.160     81.850     -2.870     49.730
      5.986     16.430    157.930     11.680     65.650     -5.340     44.600
      6.000     17.590    157.890     12.150     51.720     -6.630     38.780
      6.014     18.630    157.760     12.580     39.560     -8.030     34.040
      6.029     19.570    157.540     12.980     29.870    -10.310     30.580
      6.043     20.410    157.230     13.340     21.630    -14.070     26.690
      6.057     21.150    156.840     13.680     14.510    -17.400     23.500
      6.071     21.820    156.370     14.000      8.680    -22.040     21.000
      6.086     22.390    155.820     14.300      2.780    -27.070     18.150
      6.100     22.890    155.190     14.580     -2.120    -32.390     15.830
      6.114     23.310    154.480     14.850     -6.480    -38.970     12.970
      6.129     23.660    153.700     15.100    -11.120    -45.140     10.560
      6.143     23.930    152.830     15.330    -15.090    -52.110      8.600
      6.157     24.140    151.890     15.550    -20.100    -59.900      6.520
      6.171     24.260    150.860     15.750    -25.730    -68.350      2.500
      6.186     24.310    149.740     15.910    -32.210    -79.440     -2.230
      6.200     24.260    148.500     16.030    -41.140    -93.840     -9.030
      6.214     24.090    147.110     16.060    -53.330   -116.940    -20.650
      6.229     23.760    145.400     15.950    -73.010   -175.060    -44.460
      6.243     23.570    143.600     15.620    -10.100   -101.250    -42.890
      6.257     23.780    142.510     15.490     20.450    -47.820    -10.830
      6.271     24.180    141.800     15.610     42.310    -17.700     20.430
      6.286     24.700    141.310     15.940     56.410      0.510     48.680
      6.300     25.310    140.970     16.440     66.100     16.450     75.450
      6.314     25.970    140.800     17.100     51.340     23.950     73.810
      6.329     26.450    140.500     17.410     35.980    -13.230     27.020
      6.343     26.900    140.100     17.600     35.900    -10.510     39.540
      6.357     27.370    139.790     17.930     36.240     -9.190     48.930
      6.371     27.840    139.490     18.310     35.920    -11.840     53.550
      6.386     28.310    139.200     18.740     34.180    -13.080     57.570
      6.400     28.750    138.900     19.180     32.380    -17.330     53.700
      6.414     29.170    138.590     19.620     31.490    -19.720     49.910
      6.429     29.560    138.240     20.030     30.120    -27.520     41.680
      6.443     29.920    137.830     20.400     30.600    -33.190     36.130
      6.457     30.260    137.400     20.760     31.800    -36.440     34.360
      6.471     30.590    136.970     21.130     33.660    -35.570     36.460
      6.486     30.910    136.540     21.520     35.470    -35.690     37.200
      6.500     31.230    136.120     21.930     36.560    -35.370     39.710
      6.514     31.550    135.710     22.370     37.610    -33.350     43.540
      6.529     31.860    135.330     22.840     37.990    -30.250     47.000
      6.543     32.170    134.970     23.350     38.030    -27.330     50.360
      6.557     32.480    134.630     23.880     37.670    -27.320     50.040
      6.571     32.790    134.290     24.390     37.140    -26.630     47.410
      6.586     33.110    133.970     24.900     38.450    -24.210     48.240
      6.600     33.450    133.660     25.430     40.080    -23.280     50.430
      6.614     33.810    133.350     25.960     39.970    -25.170     47.850
      6.629     34.190    133.040     26.460     40.490    -25.850     44.960
      6.643     34.590    132.710     26.950     41.070    -26.540     43.590
      6.657     35.000    132.390     27.430     42.080    -26.250     44.920
      6.671     35.450    132.070     27.940     43.750    -25.310     47.670
      6.686     35.920    131.760     28.440     42.150    -26.050     41.820
      6.700     36.390    131.440     28.910     42.350    -26.540     39.800
      6.714     36.890    131.120     29.390     43.110    -27.400     41.010
      6.729     37.410    130.800     29.870     41.990    -28.880     38.520
      6.743     37.930    130.460     30.340     43.500    -29.580     39.620
      6.757     38.480    130.120     30.850     43.570    -29.460     40.120
      6.771     39.020    129.760     31.330     40.160    -32.180     33.010
      6.786     39.540    129.390     31.760     39.100    -34.280     29.950
      6.800     40.070    129.010     32.210     41.900    -32.750     34.010
      6.814     40.610    128.640     32.690     41.680    -32.970     32.150
      6.829     41.140    128.260     33.150     40.540    -33.600     29.480
      6.843     41.650    127.870     33.600     39.500    -33.220     28.410
      6.857     42.160    127.480     34.040     39.860    -33.320     28.610
      6.871     42.660    127.080     34.500     39.540    -32.850     29.850
      6.886     43.160    126.680     34.950     38.060    -32.820     28.000
      6.900     43.640    126.270     35.400     39.360    -32.270     29.920
      6.914     44.140    125.850     35.860     40.660    -32.000     30.980
      6.929     44.630    125.430     36.320     39.270    -33.510     27.520
      6.943     45.110    124.980     36.740     39.640    -34.460     25.500
      6.957     45.600    124.530     37.170     41.190    -33.570     28.750
      6.971     46.100    124.070     37.620     41.100    -34.290     27.510
      6.986     46.600    123.600     38.040     39.550    -34.740     25.790
      7.000     47.080    123.120     38.460     38.640    -34.570     26.100
      7.014     47.570    122.630     38.860     37.120    -34.120     22.220
      7.029     48.050    122.150     39.230     36.750    -34.390     20.350
      7.043     48.530    121.650     39.600     37.020    -33.720     21.090
      7.057     49.020    121.170     39.960     36.010    -33.500     18.780
      7.071     49.500    120.670     40.290     33.680    -34.370     14.320
      7.086     49.980    120.170     40.610     34.070    -33.470     15.110
      7.100     50.470    119.680     40.940     34.400    -32.560     16.150
      7.114     50.960    119.210     41.280     34.830    -31.070     15.780
      7.129     51.460    118.740     41.610     33.970    -31.550     13.970
      7.143     51.950    118.270     41.930     33.650    -30.260     14.590
      7.157     52.450    117.820     42.270     34.000    -28.680     15.970
      7.171     52.950    117.390     42.610     33.950    -28.460     14.740
      7.186     53.460    116.960     42.950     34.840    -28.230     15.630
      7.200     53.970    116.540     43.290     34.910    -28.150     14.840
      7.214     54.470    116.120     43.620     33.960    -28.130     13.730
      7.229     54.980    115.710     43.940     35.230    -26.970     15.520
      7.243     55.500    115.330     44.280     35.820    -26.020     17.120
      7.257     56.020    114.950     44.630     35.760    -26.320     17.040
      7.271     56.540    114.560     44.950     35.660    -27.750     15.380
      7.286     57.050    114.180     45.270     35.320    -28.060     15.060
      7.300     57.560    113.800     45.580     35.870    -26.670     17.420
      7.314     58.090    113.430     45.910     36.800    -25.370     18.750
      7.329     58.610    113.080     46.240     35.830    -25.250     19.220
      7.343     59.130    112.720     46.580     36.860    -24.010     21.010
      7.357     59.660    112.390     46.910     36.190    -23.090     20.730
      7.371     60.170    112.050     47.240     35.010    -23.480     19.150
      7.386     60.680    111.710     47.550     34.060    -23.520     18.830
      7.400     61.190    111.380     47.860     34.050    -22.700     19.310
      7.414     61.700    111.060     48.170     34.840    -23.440     19.320
      7.429     62.220    110.730     48.480     34.970    -23.820     19.500
      7.443     62.740    110.400     48.790     35.380    -23.830     20.110
      7.457     63.260    110.070     49.100     36.460    -23.270     21.070
      7.471     63.790    109.750     49.410     36.690    -23.440     20.000
      7.486     64.320    109.420     49.720     36.620    -23.790     19.930
      7.500     64.860    109.100     50.030     36.350    -23.350     21.600
      7.514     65.390    108.780     50.350     35.940    -22.960     22.760
      7.529     65.920    108.460     50.670     35.080    -22.490     23.530
      7.543     66.440    108.160     51.000     35.500    -21.960     23.560
      7.557     66.970    107.850     51.320     35.660    -21.340     23.070
      7.571     67.500    107.550     51.640     36.420    -20.680     24.180
      7.586     68.040    107.260     51.960     36.970    -19.800     24.500
      7.600     68.580    106.970     52.280     37.160    -19.010     24.230
      7.614     69.130    106.690     52.600     36.970    -19.440     23.930
      7.629     69.670    106.400     52.890     35.970    -21.020     22.080
      7.643     70.200    106.100     53.180     35.110    -20.820     22.110
      7.657     70.740    105.800     53.470     34.940    -20.740     22.370
      7.671     71.270    105.500     53.760     33.640    -21.970     22.460
      7.686     71.790    105.190     54.050     33.190    -21.960     22.560
      7.700     72.310    104.890     54.340     32.370    -20.760     22.180
      7.714     72.830    104.590     54.630     31.450    -20.420     21.740
      7.729     73.340    104.300     54.910     30.700    -19.730     20.700
      7.743     73.860    104.010     55.200     30.760    -19.410     20.170
      7.757     74.380    103.730     55.480     31.960    -18.070     21.220
      7.771     74.910    103.460     55.770     32.380    -17.330     21.350
      7.786     75.450    103.200     56.060     32.720    -17.370     21.050
      7.800     75.990    102.930     56.360     33.400    -17.150     21.500
      7.814     76.530    102.670     56.660     33.450    -16.820     22.110
      7.829     77.070    102.410     56.970     32.390    -17.600     21.380
      7.843     77.610    102.150     57.260     31.620    -18.860     19.530
      7.857     78.140    101.870     57.560     30.990    -19.650     19.250
      7.871     78.660    101.600     57.860     31.300    -19.580     19.040
      7.886     79.190    101.330     58.160     32.060    -18.880     18.570
      7.900     79.720    101.060     58.460     32.260    -18.740     17.940
      7.914     80.250    100.790     58.760     32.240    -18.350     17.970
      7.929     80.780    100.520     59.070     32.450    -19.110     17.610
      7.943     81.300    100.250     59.380     33.110    -19.670     17.190
      7.957     81.820     99.970     59.690     33.600    -19.500     18.140
      7.971     82.340     99.690     60.010     34.910    -19.080     19.750
      7.986     82.860     99.420     60.350     34.730    -18.580     20.310
      8.000     83.380     99.150     60.690     34.910    -18.380     20.710
      8.014     83.890     98.880     61.040     34.770    -17.450     21.090
      8.029     84.390     98.620     61.390     34.410    -17.780     21.650
      8.043     84.870     98.350     61.740     33.880    -18.090     21.980
      8.057     85.360     98.080     62.100     34.460    -18.190     21.770
      8.071     85.830     97.820     62.460     34.880    -18.130     23.010
      8.086     86.310     97.550     62.830     35.300    -17.570     24.500
      8.100     86.780     97.290     63.210     35.160    -17.320     25.080
      8.114     87.250     97.040     63.590     35.250    -15.870     25.570
      8.129     87.720     96.790     63.970     34.690    -15.400     25.720
      8.143     88.180     96.550     64.350     34.210    -15.020     25.240
      8.157     88.630     96.320     64.730     34.480    -14.380     25.480
      8.171     89.090     96.080     65.100     34.320    -14.700     26.160
      8.186     89.540     95.850     65.480     33.840    -15.030     26.190
      8.200     89.980     95.610     65.860     33.870    -15.270     27.290
      8.214     90.420     95.370     66.250     34.250    -16.030     26.660
      8.229     90.870     95.110     66.620     34.550    -17.270     26.400
      8.243     91.320     94.850     67.000     34.760    -17.930     26.710
      8.257     91.760     94.590     67.370     34.360    -18.710     27.760
      8.271     92.200     94.320     67.760     34.770    -18.870     29.720
      8.286     92.650     94.060     68.160     35.040    -19.130     30.920
      8.300     93.100     93.790     68.570     35.200    -18.300     31.810
      8.314     93.550     93.520     68.980     35.330    -18.880     33.440
      8.329     94.010     93.250     69.400     35.050    -19.020     34.190
      8.343     94.470     92.970     69.830     35.890    -19.390     34.430
      8.357     94.940     92.690     70.260     36.860    -19.990     35.350
      8.371     95.420     92.390     70.680     36.820    -21.190     34.560
      8.386     95.890     92.090     71.100     36.330    -22.320     33.580
      8.400     96.380     91.770     71.510     36.640    -22.350     33.260
      8.414     96.860     91.450     71.910     36.360    -23.290     32.240
      8.429     97.350     91.120     72.310     35.890    -24.300     32.260
      8.443     97.840     90.780     72.710     35.590    -24.950     32.350
      8.457     98.340     90.430     73.110     35.220    -25.580     32.040
      8.471     98.830     90.070     73.500     35.510    -25.670     32.250
      8.486     99.340     89.710     73.900     35.810    -25.850     32.250
      8.500     99.850     89.340     74.290     35.880    -26.980     31.480
      8.514    100.360     88.960     74.680     35.900    -27.680     31.080
      8.529    100.890     88.580     75.080     36.820    -28.490     31.350
      8.543    101.420     88.190     75.470     37.210    -28.280     31.050
      8.557    101.960     87.800     75.870     36.960    -28.200     30.810
      8.571    102.490     87.410     76.270     36.650    -28.280     29.750
      8.586    103.030     87.010     76.660     36.090    -29.220     28.270
      8.600    103.560     86.610     77.040     35.270    -30.340     26.780
      8.614    104.080     86.190     77.420     34.390    -31.690     25.670
      8.629    104.590     85.770     77.790     33.640    -31.990     24.740
      8.643    105.100     85.350     78.160     32.060    -33.040     24.420
      8.657    105.580     84.920     78.530     30.840    -33.050     24.450
      8.671    106.060     84.500     78.910     29.820    -32.680     24.830
      8.686    106.530     84.070     79.280     29.610    -32.370     24.530
      8.700    107.000     83.650     79.660     29.550    -31.490     23.970
      8.714    107.460     83.240     80.030     30.340    -30.580     23.540
      8.729    107.930     82.840     80.410     30.960    -29.350     23.830
      8.743    108.400     82.450     80.790     32.220    -28.600     24.410
      8.757    108.880     82.060     81.170     33.360    -27.760     24.750
      8.771    109.360     81.680     81.560     33.460    -27.370     24.410
      8.786    109.840     81.310     81.940     33.580    -27.110     23.690
      8.800    110.320     80.920     82.310     33.590    -27.680     22.810
      8.814    110.790     80.540     82.680     33.970    -27.760     21.580
      8.829    111.260     80.160     83.040     33.700    -28.040     21.540
      8.843    111.720     79.770     83.390     33.070    -27.920     21.410
      8.857    112.170     79.380     83.740     32.670    -28.040     21.030
      8.871    112.620     78.980     84.090     31.810    -27.940     20.200
      8.886    113.060     78.580     84.430     31.200    -27.690     19.470
      8.900    113.500     78.190     84.750     31.350    -27.460     18.430
      8.914    113.930     77.790     85.070     31.170    -27.210     18.130
      8.929    114.360     77.390     85.390     31.300    -27.200     18.320
      8.943    114.790     76.990     85.710     31.220    -26.730     19.230
      8.957    115.220     76.590     86.030     31.770    -26.490     19.080
      8.971    115.650     76.200     86.360     31.520    -25.870     19.150
      8.986    116.070     75.800     86.680     31.070    -26.410     19.900
      9.000    116.490     75.390     87.020     31.110    -26.510     20.640
      9.014    116.910     74.980     87.350     31.230    -26.300     20.460
      9.029    117.320     74.580     87.690     30.760    -26.040     20.590
      9.043    117.730     74.170     88.020     29.920    -26.130     21.020
      9.057    118.130     73.760     88.360     29.920    -25.180     20.820
      9.071    118.530     73.350     88.690     29.750    -24.600     20.870
      9.086    118.930     72.950     89.030     29.110    -23.940     21.130
      9.100    119.320     72.550     89.360     28.640    -23.590     20.350
      9.114    119.710     72.150     89.680     28.920    -24.310     20.230
      9.129    120.100     71.750     90.010     29.630    -24.530     20.310
      9.143    120.490     71.350     90.330     30.140    -24.770     21.120
      9.157    120.890     70.940     90.660     31.220    -24.400     21.190
      9.171    121.290     70.540     90.980     31.450    -24.660     20.750
      9.186    121.690     70.140     91.290     31.690    -24.260     20.470
      9.200    122.080     69.740     91.590     30.860    -23.840     19.570
      9.214    122.470     69.340     91.890     30.310    -24.890     19.300
      9.229    122.860     68.940     92.180     30.220    -24.690     19.130
      9.243    123.250     68.540     92.460     30.200    -25.040     18.900
      9.257    123.640     68.140     92.740     30.140    -25.300     17.990
      9.271    124.030     67.740     93.010     30.680    -25.220     18.400
      9.286    124.420     67.340     93.290     30.740    -25.700     19.260
      9.300    124.820     66.950     93.570     31.040    -25.120     20.200
      9.314    125.220     66.560     93.860     31.440    -25.010     20.770
      9.329    125.630     66.180     94.160     31.410    -24.770     21.470
      9.343    126.030     65.810     94.450     31.390    -24.400     22.290
      9.357    126.440     65.440     94.750     30.420    -24.050     22.590
      9.371    126.840     65.080     95.040     29.240    -23.780     22.570
      9.386    127.240     64.730     95.320     28.830    -23.200     22.100
      9.400    127.640     64.390     95.600     28.250    -22.850     21.640
      9.414    128.030     64.050     95.870     27.880    -23.110     20.800
      9.429    128.420     63.710     96.130     27.360    -23.710     20.510
      9.443    128.820     63.380     96.390     27.140    -23.800     20.470
      9.457    129.210     63.050     96.650     26.460    -23.040     20.490
      9.471    129.590     62.730     96.910     26.010    -21.980     20.720
      9.486    129.980     62.410     97.160     25.750    -21.000     21.070
      9.500    130.370     62.120     97.430     25.690    -19.430     22.530
      9.514    130.760     61.830     97.700     25.690    -18.170     22.870
      9.529    131.150     61.560     97.980     25.480    -17.730     22.740
      9.543    131.540     61.290     98.260     25.820    -16.300     22.560
      9.557    131.940     61.040     98.540     25.610    -15.930     22.710
      9.571    132.340     60.800     98.830     25.470    -14.930     22.650
      9.586    132.750     60.570     99.120     26.150    -13.740     22.500
      9.600    133.160     60.350     99.420     27.210    -13.380     22.690
      9.614    133.580     60.140     99.730     27.180    -12.470     22.840
      9.629    134.000     59.940    100.040     27.620    -12.560     23.210
      9.643    134.430     59.740    100.370     28.370    -12.810     23.520
      9.657    134.870     59.540    100.710     29.880    -12.970     23.610
      9.671    135.320     59.340    101.060     30.100    -13.530     24.060
      9.686    135.780     59.150    101.410     30.450    -14.180     23.530
      9.700    136.250     58.960    101.770     31.040    -14.250     23.530
      9.714    136.720     58.770    102.140     30.770    -14.050     24.130
      9.729    137.190     58.590    102.520     30.590    -14.640     23.980
      9.743    137.660     58.400    102.900     30.740    -15.110     24.430
      9.757    138.140     58.220    103.290     30.930    -15.170     24.760
      9.771    138.620     58.040    103.690     31.880    -15.170     25.030
      9.786    139.120     57.850    104.090     32.580    -15.170     25.220
      9.800    139.610     57.680    104.500     32.900    -15.260     25.500
      9.814    140.110     57.490    104.910     33.220    -15.610     25.570
      9.829    140.610     57.310    105.320     33.620    -16.910     25.440
      9.843    141.110     57.120    105.740     34.200    -17.610     25.270
      9.857    141.600     56.920    106.150     34.290    -18.350     26.370
      9.871    142.100     56.720    106.570     34.560    -18.680     27.720
      9.886    142.600     56.520    107.010     34.460    -19.780     28.360
      9.900    143.090     56.310    107.440     34.460    -20.440     28.960
      9.914    143.580     56.100    107.880     34.360    -20.960     29.850
      9.929    144.060     55.880    108.330     34.490    -20.910     30.340
      9.943    144.550     55.660    108.770     34.870    -20.870     30.340
      9.957    145.040     55.450    109.220     35.070    -20.500     29.810
      9.971    145.530     55.230    109.650     35.250    -20.970     29.690
      9.986    146.020     55.000    110.090     35.600    -21.040     30.100
     10.000    146.520     54.780    110.530     35.790    -20.870     30.730
     10.014    147.010     54.550    110.970     35.210    -21.260     31.310
     10.029    147.500     54.320    111.400     35.060    -21.140     31.920
     10.043    148.000     54.080    111.840     34.960    -20.740     32.600
     10.057    148.490     53.850    112.280     34.450    -20.300     32.560
     10.071    148.990     53.610    112.720     33.930    -19.300     32.280
     10.086    149.490     53.370    113.150     34.330    -18.930     32.320
     10.100    149.990     53.130    113.570     34.300    -18.930     32.040
     10.114    150.500     52.880    113.990     33.680    -19.040     32.710
     10.129    151.000     52.630    114.420     33.750    -18.930     32.630
     10.143    151.510     52.360    114.840     32.800    -18.620     33.000
     10.157    152.020     52.100    115.260     32.550    -18.390     33.020
     10.171    152.530     51.830    115.670     32.340    -18.130     32.930
     10.186    153.040     51.550    116.080     32.630    -17.790     32.250
     10.200    153.560     51.270    116.490     33.200    -18.080     31.550
     10.214    154.080     50.990    116.900     33.830    -18.360     31.260
     10.229    154.620     50.690    117.300     34.390    -19.090     30.840
     10.243    155.150     50.380    117.700     33.900    -19.240     30.570
     10.257    155.680     50.070    118.110     33.230    -19.370     30.620
     10.271    156.220     49.760    118.520     33.290    -19.330     30.560
     10.286    156.750     49.440    118.930     34.250    -20.050     30.020
     10.300    157.300     49.110    119.350     34.310    -19.950     29.340
     10.314    157.840     48.780    119.760     35.050    -20.040     28.260
     10.329    158.380     48.450    120.180     35.370    -20.920     28.500
     10.343    158.930     48.110    120.610     35.950    -20.950     28.810
     10.357    159.470     47.770    121.050     35.560    -21.520     29.010
     10.371    160.020     47.430    121.490     35.400    -21.730     28.980
     10.386    160.560     47.080    121.930     35.410    -22.330     29.110
     10.400    161.100     46.730    122.380     34.900    -22.440     29.100
     10.414    161.640     46.380    122.830     34.850    -23.430     28.320
     10.429    162.170     46.020    123.280     34.520    -23.950     27.540
     10.443    162.700     45.650    123.720     34.330    -24.860     27.250
     10.457    163.230     45.270    124.170     33.820    -25.460     26.750
     10.471    163.740     44.890    124.610     33.020    -27.020     25.740
     10.486    164.250     44.500    125.050     32.510    -28.040     25.470
     10.500    164.750     44.100    125.480     32.700    -29.000     24.780
     10.514    165.250     43.700    125.900     32.230    -29.810     23.670
     10.529    165.730     43.290    126.310     31.930    -30.610     23.180
     10.543    166.210     42.880    126.720     31.990    -31.010     22.230
     10.557    166.680     42.460    127.110     31.110    -31.250     21.030
     10.571    167.140     42.050    127.490     31.170    -31.650     19.720
     10.586    167.590     41.630    127.860     31.120    -31.440     19.400
     10.600    168.030     41.230    128.210     30.800    -30.970     18.790
     10.614    168.460     40.820    128.570     30.270    -30.870     18.900
     10.629    168.880     40.420    128.910     30.470    -30.830     18.840
     10.643    169.300     40.030    129.250     29.910    -30.010     19.070
     10.657    169.700     39.640    129.580     29.590    -29.450     19.340
     10.671    170.100     39.250    129.910     29.610    -28.700     18.920
     10.686    170.490     38.870    130.220     29.530    -28.260     18.390
     10.700    170.870     38.490    130.530     30.280    -27.520     17.970
     10.714    171.260     38.120    130.820     30.140    -26.820     18.010
     10.729    171.630     37.750    131.120     29.510    -26.040     18.210
     10.743    172.000     37.390    131.410     29.060    -25.240     18.060
     10.757    172.360     37.030    131.690     27.970    -24.510     18.570
     10.771    172.700     36.670    131.980     27.860    -23.730     18.350
     10.786    173.050     36.320    132.250     27.400    -23.210     18.660
     10.800    173.380     35.970    132.520     27.510    -23.030     18.320
     10.814    173.720     35.610    132.790     27.440    -22.480     18.080
     10.829    174.050     35.260    133.040     26.970    -21.910     18.240
     10.843    174.370     34.920    133.300     26.370    -21.900     17.890
     10.857    174.690     34.570    133.540     26.460    -20.680     18.150
     10.871    175.000     34.250    133.790     26.740    -18.740     18.850
     10.886    175.320     33.930    134.040     26.890    -18.190     18.820
     10.900    175.640     33.620    134.290     27.790    -17.360     19.140
     10.914    175.960     33.310    134.540     28.050    -16.980     21.060
     10.929    176.290     33.010    134.800     27.790    -17.250     22.330
     10.943    176.610     32.720    135.070     28.350    -16.610     23.210
     10.957    176.950     32.430    135.340     28.560    -15.580     23.930
     10.971    177.290     32.150    135.610     29.490    -15.390     24.290
     10.986    177.630     31.880    135.890     30.120    -14.600     24.610
     11.000    177.990     31.620    136.170     30.760    -13.980     24.510
     11.014    178.360     31.360    136.450     31.050    -14.180     25.010
     11.029    178.730     31.100    136.730     30.830    -14.250     25.130
     11.043    179.110     30.850    137.010     30.750    -15.250     25.200
     11.057    179.490     30.580    137.300     30.500    -16.520     25.640
     11.071    179.880     30.310    137.590     30.280    -17.770     25.860
     11.086    180.260     30.030    137.880     29.820    -18.930     26.310
     11.100    180.650     29.740    138.170     29.340    -19.410     26.870
     11.114    181.050     29.460    138.470     29.120    -19.490     27.300
     11.129    181.450     29.180    138.780     29.080    -19.980     28.080
     11.143    181.850     28.890    139.090     28.940    -19.910     28.670
     11.157    182.260     28.610    139.410     28.890    -19.850     28.580
     11.171    182.670     28.340    139.730     28.510    -19.850     28.800
     11.186    183.080     28.070    140.040     28.670    -19.240     28.850
     11.200    183.500     27.800    140.360     28.710    -19.900     28.940
     11.214    183.930     27.530    140.690     28.890    -19.420     29.250
     11.229    184.360     27.270    141.010     29.600    -18.730     29.690
     11.243    184.800     27.020    141.350     29.230    -18.200     29.640
     11.257    185.240     26.770    141.680     28.810    -18.130     29.570
     11.271    185.680     26.530    142.010     28.690    -17.760     28.920
     11.286    186.130     26.280    142.340     28.730    -18.050     28.210
     11.300    186.570     26.040    142.670     28.930    -18.320     27.870
     11.314    187.030     25.800    143.000     29.590    -19.230     27.660
     11.329    187.490     25.540    143.330     29.610    -20.400     27.550
     11.343    187.950     25.280    143.670     29.930    -20.700     27.420
     11.357    188.420     25.010    144.010     30.180    -21.550     27.120
     11.371    188.890     24.730    144.360     29.920    -22.150     27.490
     11.386    189.360     24.450    144.720     29.820    -22.300     27.660
     11.400    189.830     24.170    145.090     30.060    -22.010     27.500
     11.414    190.300     23.890    145.460     29.780    -22.220     27.620
     11.429    190.770     23.610    145.840     29.910    -22.080     27.850
     11.429    190.770     23.610    145.840     29.910    -22.080     27.850
